1	271
1	388
1	466
1	623
1	789
1	808
1	924
2	252
2	395
2	637
2	676
2	696
2	879
2	995
3	51
3	630
3	715
3	832
3	836
3	868
3	941
4	58
4	280
4	333
4	926
4	946
4	950
4	957
5	450
5	552
5	682
5	702
5	816
5	854
5	940
6	186
6	651
6	884
6	909
6	925
6	941
6	950
7	424
7	502
7	764
7	791
7	898
7	983
7	991
8	472
8	652
8	658
8	734
8	866
8	875
8	880
9	72
9	551
9	625
9	725
9	838
9	903
9	938
10	567
10	775
10	844
10	878
10	904
10	954
10	990
11	504
11	582
11	683
11	860
11	871
11	900
11	902
12	343
12	410
12	562
12	682
12	727
12	851
12	864
13	487
13	663
13	830
13	890
13	920
13	978
13	995
14	43
14	155
14	192
14	718
14	863
14	864
14	974
15	393
15	561
15	585
15	666
15	796
15	944
15	986
16	863
16	864
16	929
16	932
16	974
16	979
16	999
17	637
17	701
17	779
17	842
17	877
17	934
17	955
18	613
18	677
18	789
18	792
18	939
18	942
18	954
19	530
19	828
19	876
19	892
19	902
19	909
19	922
20	407
20	670
20	823
20	866
20	924
20	943
20	945
21	239
21	275
21	292
21	739
21	763
21	959
21	973
22	187
22	288
22	401
22	886
22	959
22	973
22	995
23	346
23	729
23	886
23	909
23	916
23	966
23	997
24	84
24	105
24	383
24	857
24	899
24	929
24	949
25	321
25	530
25	916
25	926
25	964
25	988
25	1000
26	33
26	374
26	473
26	555
26	784
26	948
26	984
27	412
27	507
27	620
27	744
27	797
27	836
27	886
28	222
28	481
28	565
28	591
28	679
28	779
28	934
29	200
29	528
29	592
29	755
29	899
29	943
29	944
30	249
30	378
30	660
30	758
30	809
30	850
30	985
31	535
31	615
31	855
31	864
31	910
31	945
31	980
32	91
32	125
32	337
32	535
32	667
32	962
32	965
33	347
33	802
33	844
33	931
33	973
33	995
34	106
34	211
34	270
34	571
34	743
34	807
34	1000
35	514
35	630
35	787
35	854
35	862
35	904
35	940
36	294
36	372
36	785
36	810
36	831
36	832
36	999
37	524
37	593
37	638
37	778
37	865
37	983
37	991
38	282
38	398
38	433
38	534
38	648
38	845
38	865
39	221
39	393
39	399
39	571
39	743
39	876
39	980
40	94
40	752
40	898
40	908
40	983
40	991
40	1000
41	447
41	520
41	597
41	680
41	943
41	950
41	957
42	147
42	217
42	852
42	860
42	945
42	951
42	976
43	498
43	558
43	629
43	800
43	806
43	856
44	416
44	550
44	613
44	822
44	829
44	866
44	880
45	126
45	135
45	203
45	593
45	801
45	942
45	951
46	271
46	556
46	712
46	833
46	934
46	989
46	991
47	411
47	445
47	523
47	653
47	947
47	961
47	969
48	122
48	476
48	550
48	681
48	768
48	956
48	996
49	151
49	257
49	311
49	527
49	577
49	752
49	959
50	93
50	406
50	490
50	802
50	839
50	959
50	973
51	407
51	866
51	930
51	941
51	954
51	1000
52	591
52	696
52	898
52	967
52	970
52	992
52	996
53	198
53	404
53	686
53	747
53	823
53	841
53	909
54	59
54	772
54	779
54	911
54	921
54	925
54	952
55	136
55	281
55	605
55	791
55	800
55	856
55	903
56	228
56	650
56	754
56	866
56	927
56	951
56	970
57	575
57	659
57	660
57	771
57	796
57	834
57	844
58	626
58	743
58	792
58	807
58	874
58	881
59	231
59	264
59	727
59	913
59	926
59	965
60	168
60	428
60	453
60	645
60	661
60	848
60	861
61	539
61	808
61	944
61	974
61	979
61	986
61	990
62	370
62	697
62	906
62	930
62	961
62	973
62	998
63	633
63	789
63	858
63	916
63	921
63	925
63	988
64	247
64	468
64	611
64	738
64	877
64	990
64	993
65	73
65	445
65	696
65	818
65	889
65	985
65	998
66	499
66	641
66	883
66	913
66	919
66	927
66	999
67	264
67	418
67	581
67	749
67	927
67	933
67	962
68	438
68	508
68	539
68	764
68	776
68	911
68	937
69	632
69	755
69	808
69	820
69	843
69	882
69	921
70	566
70	742
70	819
70	880
70	946
70	950
70	957
71	404
71	489
71	777
71	834
71	983
71	988
71	997
72	535
72	569
72	654
72	731
72	834
72	925
73	249
73	317
73	544
73	606
73	680
73	876
74	540
74	735
74	772
74	916
74	932
74	935
74	964
75	663
75	818
75	822
75	878
75	896
75	912
75	982
76	337
76	614
76	705
76	807
76	829
76	848
76	874
77	441
77	588
77	671
77	772
77	784
77	832
77	883
78	134
78	223
78	466
78	705
78	826
78	906
78	998
79	83
79	299
79	721
79	870
79	928
79	988
79	997
80	365
80	434
80	558
80	847
80	853
80	919
80	999
81	271
81	315
81	493
81	753
81	860
81	946
81	957
82	298
82	389
82	701
82	886
82	913
82	952
82	999
83	243
83	697
83	755
83	906
83	916
83	964
84	829
84	849
84	927
84	933
84	936
84	947
85	329
85	683
85	757
85	838
85	959
85	975
85	996
86	228
86	739
86	791
86	823
86	916
86	988
86	997
87	266
87	275
87	571
87	741
87	743
87	779
87	963
88	252
88	396
88	491
88	859
88	876
88	941
88	982
89	111
89	495
89	847
89	863
89	904
89	938
89	952
90	372
90	480
90	743
90	756
90	866
90	926
90	933
91	121
91	392
91	810
91	906
91	941
91	972
92	423
92	628
92	668
92	749
92	899
92	991
92	995
93	291
93	633
93	687
93	815
93	928
93	936
94	525
94	662
94	703
94	775
94	841
94	986
95	158
95	482
95	753
95	946
95	950
95	957
95	989
96	144
96	326
96	420
96	471
96	605
96	887
96	988
97	487
97	759
97	947
97	950
97	958
97	977
97	994
98	543
98	868
98	912
98	929
98	949
98	958
98	974
99	277
99	429
99	581
99	700
99	873
99	908
99	969
100	203
100	473
100	784
100	803
100	817
100	894
100	953
101	261
101	283
101	468
101	501
101	741
101	924
101	993
102	122
102	151
102	804
102	810
102	974
102	980
102	987
103	598
103	856
103	952
103	966
103	967
103	970
103	1000
104	276
104	351
104	477
104	639
104	718
104	843
104	863
105	606
105	631
105	944
105	963
105	977
105	994
106	187
106	819
106	922
106	932
106	939
106	942
107	278
107	545
107	845
107	853
107	860
107	895
107	905
108	120
108	617
108	953
108	957
108	974
108	979
108	990
109	125
109	687
109	726
109	883
109	897
109	984
109	990
110	119
110	259
110	394
110	591
110	912
110	917
110	949
111	253
111	306
111	641
111	930
111	992
111	1000
112	387
112	560
112	563
112	837
112	846
112	911
112	925
113	206
113	714
113	753
113	919
113	952
113	986
113	999
114	235
114	384
114	540
114	665
114	816
114	931
114	959
115	447
115	574
115	623
115	722
115	760
115	804
115	988
116	476
116	508
116	511
116	880
116	889
116	895
116	909
117	387
117	529
117	677
117	740
117	748
117	751
117	942
118	570
118	674
118	722
118	760
118	806
118	823
118	898
119	213
119	263
119	530
119	794
119	951
119	976
120	156
120	702
120	756
120	880
120	951
120	981
121	499
121	710
121	770
121	879
121	961
121	987
122	271
122	464
122	956
122	979
122	996
123	507
123	688
123	726
123	738
123	833
123	930
123	955
124	262
124	394
124	479
124	520
124	642
124	868
124	902
125	581
125	625
125	655
125	975
125	985
126	210
126	313
126	387
126	846
126	932
126	942
127	192
127	289
127	723
127	800
127	903
127	938
127	973
128	811
128	825
128	864
128	877
128	889
128	894
128	937
129	275
129	574
129	678
129	716
129	731
129	822
129	859
130	328
130	577
130	725
130	738
130	792
130	932
130	942
131	180
131	194
131	675
131	886
131	966
131	971
131	992
132	803
132	812
132	890
132	942
132	985
132	988
132	989
133	784
133	859
133	923
133	936
133	945
133	948
133	972
134	519
134	549
134	664
134	799
134	985
134	998
135	526
135	812
135	953
135	983
135	990
135	991
136	234
136	510
136	671
136	701
136	722
136	792
137	262
137	638
137	899
137	912
137	929
137	949
137	989
138	699
138	716
138	841
138	855
138	888
138	901
138	960
139	530
139	594
139	802
139	873
139	939
139	966
139	973
140	176
140	469
140	625
140	668
140	841
140	963
140	986
141	462
141	626
141	733
141	840
141	864
141	939
141	979
142	777
142	798
142	830
142	854
142	916
142	920
142	988
143	227
143	472
143	742
143	908
143	935
143	967
143	984
144	482
144	825
144	886
144	952
144	966
144	971
145	170
145	262
145	715
145	856
145	875
145	947
145	950
146	281
146	300
146	529
146	730
146	862
146	894
146	975
147	212
147	563
147	632
147	811
147	941
147	947
148	186
148	265
148	388
148	747
148	781
148	814
148	902
149	332
149	743
149	759
149	790
149	801
149	833
149	874
150	579
150	652
150	783
150	814
150	889
150	903
150	965
151	466
151	607
151	722
151	828
151	852
152	230
152	537
152	935
152	940
152	980
152	993
152	997
153	335
153	594
153	780
153	812
153	814
153	844
153	992
154	496
154	872
154	892
154	907
154	912
154	917
154	949
155	711
155	730
155	766
155	851
155	968
155	996
156	159
156	703
156	731
156	948
156	972
156	993
157	405
157	467
157	884
157	896
157	929
157	963
157	994
158	277
158	366
158	746
158	880
158	956
158	996
159	279
159	486
159	810
159	879
159	948
159	972
160	194
160	305
160	396
160	422
160	490
160	683
160	907
161	166
161	384
161	393
161	572
161	756
161	896
161	982
162	195
162	217
162	355
162	382
162	925
162	969
162	985
163	470
163	563
163	674
163	759
163	789
163	800
163	944
164	804
164	821
164	833
164	834
164	842
164	887
164	936
165	457
165	460
165	849
165	932
165	942
165	963
165	967
166	200
166	605
166	671
166	672
166	841
166	986
167	219
167	300
167	392
167	746
167	837
167	911
167	979
168	582
168	726
168	761
168	787
168	881
168	971
169	276
169	383
169	429
169	504
169	804
169	848
169	968
170	542
170	656
170	845
170	921
170	941
170	954
171	277
171	651
171	688
171	813
171	861
171	883
171	892
172	375
172	395
172	723
172	738
172	739
172	849
172	993
173	556
173	820
173	844
173	955
173	984
173	987
173	989
174	198
174	333
174	395
174	647
174	900
174	974
174	990
175	297
175	435
175	492
175	575
175	659
175	723
175	964
176	329
176	402
176	669
176	892
176	930
176	963
177	270
177	360
177	683
177	700
177	705
177	874
177	964
178	395
178	695
178	740
178	830
178	926
178	962
178	997
179	576
179	785
179	831
179	839
179	913
179	916
179	919
180	750
180	811
180	845
180	897
180	937
180	960
181	617
181	639
181	648
181	681
181	733
181	750
181	990
182	224
182	409
182	593
182	599
182	903
182	972
182	995
183	533
183	689
183	847
183	900
183	969
183	977
183	994
184	243
184	467
184	627
184	796
184	872
184	917
184	929
184	949
185	287
185	719
185	765
185	854
185	908
185	926
185	942
185	999
186	336
186	514
186	689
186	814
186	953
186	991
187	485
187	613
187	730
187	898
187	932
187	942
188	343
188	427
188	815
188	829
188	946
188	987
188	994
188	997
189	477
189	513
189	629
189	684
189	695
189	772
189	955
189	989
190	221
190	518
190	716
190	802
190	855
190	960
190	978
190	997
191	727
191	762
191	772
191	808
191	819
191	840
191	847
191	921
192	199
192	483
192	554
192	879
192	903
192	919
193	215
193	465
193	479
193	583
193	745
193	832
193	955
193	979
194	551
194	786
194	835
194	879
194	901
194	937
195	407
195	495
195	787
195	875
195	966
195	971
195	994
196	220
196	347
196	474
196	574
196	610
196	859
196	878
196	931
197	212
197	745
197	769
197	840
197	877
197	910
197	988
197	993
198	651
198	790
198	814
198	889
198	923
198	959
199	577
199	591
199	725
199	800
199	903
199	947
199	954
200	290
200	630
200	712
200	845
200	928
200	941
201	532
201	556
201	869
201	899
201	905
201	943
201	951
201	996
202	310
202	495
202	543
202	795
202	885
202	935
202	944
202	986
203	529
203	619
203	669
203	932
203	942
203	974
204	576
204	603
204	724
204	807
204	843
204	896
204	945
204	966
205	566
205	733
205	820
205	826
205	854
205	926
205	940
205	983
206	390
206	904
206	922
206	930
206	938
206	952
206	965
207	670
207	681
207	800
207	936
207	961
207	969
207	976
207	998
208	306
208	381
208	428
208	441
208	743
208	870
208	893
208	940
209	235
209	428
209	605
209	725
209	800
209	840
209	896
209	903
210	693
210	872
210	916
210	917
210	929
210	949
210	990
211	393
211	556
211	574
211	686
211	773
211	963
211	994
212	697
212	839
212	883
212	976
212	984
212	989
213	296
213	402
213	493
213	587
213	951
213	976
213	978
214	624
214	725
214	806
214	838
214	856
214	861
214	915
214	957
215	342
215	509
215	615
215	739
215	832
215	974
215	990
216	391
216	399
216	594
216	626
216	784
216	790
216	855
216	900
217	685
217	906
217	949
217	969
217	973
217	985
218	413
218	684
218	876
218	896
218	920
218	931
218	943
218	968
219	296
219	539
219	648
219	837
219	911
219	964
219	980
220	438
220	739
220	774
220	814
220	821
220	896
220	924
221	377
221	433
221	553
221	592
221	845
221	963
222	237
222	466
222	683
222	871
222	902
222	912
222	970
223	693
223	829
223	866
223	927
223	939
223	962
223	963
224	355
224	356
224	791
224	823
224	846
224	950
224	968
225	272
225	489
225	612
225	633
225	738
225	824
225	839
225	965
226	328
226	492
226	659
226	666
226	714
226	739
226	862
226	986
227	375
227	713
227	819
227	916
227	924
227	957
227	988
228	734
228	798
228	973
228	980
228	988
228	997
229	412
229	583
229	631
229	699
229	924
229	980
229	981
229	993
230	709
230	748
230	934
230	954
230	967
230	970
230	992
231	436
231	479
231	730
231	773
231	778
231	848
231	996
232	574
232	724
232	810
232	913
232	948
232	949
232	972
232	980
233	336
233	648
233	689
233	823
233	826
233	878
233	982
233	992
234	318
234	421
234	673
234	693
234	695
234	875
234	995
235	393
235	396
235	524
235	546
235	680
235	929
236	517
236	758
236	829
236	875
236	905
236	951
236	974
236	981
237	723
237	755
237	912
237	917
237	929
237	949
237	954
238	548
238	723
238	726
238	756
238	821
238	892
238	984
238	986
239	281
239	723
239	725
239	838
239	856
239	857
239	971
240	307
240	449
240	505
240	565
240	637
240	816
240	891
240	938
241	308
241	310
241	454
241	500
241	689
241	956
241	968
241	996
242	268
242	524
242	546
242	790
242	815
242	847
242	984
242	989
243	355
243	378
243	438
243	769
243	837
243	949
244	252
244	504
244	624
244	645
244	699
244	843
244	878
244	920
245	607
245	649
245	783
245	906
245	930
245	954
245	992
245	1000
246	499
246	632
246	724
246	810
246	852
246	940
246	948
246	998
247	359
247	650
247	774
247	785
247	962
247	976
247	981
248	468
248	705
248	758
248	807
248	890
248	894
248	969
248	998
249	604
249	623
249	667
249	894
249	938
249	980
250	299
250	602
250	700
250	772
250	792
250	835
250	882
250	895
251	682
251	719
251	738
251	740
251	923
251	980
251	990
251	993
252	693
252	719
252	958
252	963
252	977
253	355
253	405
253	511
253	531
253	631
253	982
253	997
254	375
254	780
254	781
254	807
254	844
254	906
254	959
254	973
255	367
255	559
255	642
255	783
255	870
255	884
255	921
255	979
256	555
256	668
256	704
256	848
256	948
256	968
256	972
256	983
257	473
257	553
257	794
257	822
257	845
257	941
257	947
258	533
258	597
258	730
258	753
258	775
258	783
258	979
258	990
259	502
259	601
259	796
259	841
259	893
259	959
259	986
260	701
260	705
260	739
260	851
260	927
260	956
260	980
260	996
261	295
261	583
261	782
261	830
261	867
261	956
261	995
262	553
262	744
262	778
262	941
262	945
263	464
263	547
263	583
263	644
263	648
263	715
263	941
264	288
264	346
264	587
264	919
264	951
264	981
265	572
265	610
265	624
265	831
265	853
265	968
265	999
266	325
266	430
266	634
266	795
266	871
266	908
266	922
267	630
267	648
267	736
267	845
267	863
267	868
267	934
267	989
268	295
268	342
268	637
268	695
268	798
268	972
268	995
269	596
269	757
269	763
269	795
269	902
269	922
269	961
269	962
270	741
270	832
270	845
270	874
270	978
270	987
271	568
271	739
271	772
271	925
272	317
272	684
272	867
272	947
272	970
272	992
272	1000
273	585
273	868
273	882
273	895
273	923
273	944
273	965
273	998
274	297
274	616
274	792
274	816
274	854
274	877
274	932
274	942
275	374
275	722
275	878
275	896
275	983
276	319
276	479
276	602
276	678
276	749
276	854
277	400
277	723
277	829
277	955
277	989
278	319
278	336
278	538
278	714
278	746
278	778
278	956
279	474
279	628
279	795
279	918
279	953
279	983
279	991
280	304
280	444
280	773
280	880
280	927
280	976
280	981
281	542
281	595
281	757
281	806
281	903
282	627
282	693
282	835
282	918
282	983
282	991
282	999
283	290
283	566
283	650
283	933
283	950
283	962
283	976
284	315
284	390
284	397
284	563
284	656
284	799
284	891
284	941
285	487
285	635
285	745
285	750
285	753
285	854
285	946
285	957
286	300
286	534
286	589
286	606
286	749
286	958
286	977
286	994
287	711
287	820
287	826
287	893
287	936
287	959
287	991
288	380
288	554
288	682
288	959
288	962
288	973
289	306
289	361
289	535
289	599
289	725
289	838
289	888
290	454
290	546
290	558
290	616
290	715
290	721
290	959
291	382
291	583
291	634
291	698
291	728
291	765
291	922
291	928
292	376
292	732
292	770
292	780
292	799
292	824
292	959
292	973
293	424
293	571
293	708
293	717
293	831
293	874
293	925
293	952
293	999
294	301
294	429
294	449
294	560
294	566
294	715
294	786
294	885
295	426
295	451
295	580
295	872
295	888
295	946
295	997
296	594
296	776
296	780
296	839
296	844
296	911
296	973
297	379
297	401
297	416
297	709
297	792
297	932
297	942
298	596
298	696
298	871
298	919
298	952
298	960
298	974
298	999
299	448
299	522
299	636
299	679
299	747
299	920
299	955
300	501
300	653
300	753
300	782
300	862
300	985
301	449
301	629
301	704
301	767
301	775
301	835
301	867
301	938
302	424
302	513
302	620
302	621
302	688
302	812
302	873
302	923
302	988
303	411
303	656
303	885
303	907
303	935
303	937
303	960
303	970
303	978
304	412
304	427
304	672
304	752
304	801
304	873
304	877
304	980
305	463
305	471
305	503
305	716
305	811
305	897
305	914
305	960
306	376
306	545
306	550
306	623
306	711
306	905
307	322
307	766
307	865
307	891
307	933
307	951
307	976
307	981
308	329
308	338
308	357
308	391
308	614
308	705
308	790
308	989
309	458
309	468
309	678
309	709
309	794
309	871
309	967
309	980
309	998
310	723
310	778
310	799
310	900
310	906
310	956
310	968
311	344
311	621
311	690
311	692
311	725
311	959
311	973
311	992
312	550
312	812
312	839
312	861
312	915
312	939
312	955
312	959
312	986
313	386
313	491
313	670
313	760
313	816
313	822
313	842
313	878
314	328
314	373
314	640
314	748
314	901
314	911
314	946
314	950
314	957
315	430
315	490
315	786
315	868
315	901
315	941
315	947
316	404
316	706
316	737
316	750
316	787
316	869
316	943
316	944
316	966
317	526
317	561
317	678
317	748
317	876
317	931
317	967
318	463
318	541
318	782
318	887
318	888
318	923
318	966
318	972
319	708
319	767
319	906
319	955
319	969
319	989
319	998
320	467
320	510
320	671
320	687
320	737
320	800
320	859
320	956
320	996
321	400
321	440
321	611
321	625
321	813
321	869
321	943
321	944
322	499
322	578
322	604
322	671
322	793
322	858
322	926
322	972
323	394
323	643
323	646
323	783
323	786
323	797
323	837
323	905
323	926
324	356
324	570
324	580
324	602
324	624
324	695
324	721
324	865
324	995
325	420
325	652
325	729
325	798
325	863
325	867
325	964
325	970
326	470
326	541
326	582
326	721
326	776
326	884
326	964
326	997
327	817
327	835
327	882
327	895
327	915
327	925
327	946
327	965
327	985
328	737
328	792
328	908
328	932
328	942
328	947
329	530
329	767
329	779
329	865
329	875
329	902
330	354
330	363
330	448
330	720
330	747
330	844
330	856
330	909
330	979
331	429
331	494
331	548
331	657
331	698
331	743
331	744
331	787
331	986
332	492
332	551
332	708
332	850
332	860
332	871
332	885
332	904
333	338
333	819
333	910
333	950
333	956
333	957
333	967
334	549
334	618
334	835
334	853
334	907
334	919
334	921
334	927
334	999
335	384
335	567
335	870
335	879
335	900
335	974
335	985
335	990
336	350
336	506
336	522
336	758
336	900
336	909
337	686
337	730
337	763
337	778
337	848
337	968
337	996
338	708
338	784
338	826
338	859
338	913
338	969
338	998
339	380
339	440
339	450
339	625
339	778
339	816
339	826
339	894
339	984
340	362
340	552
340	568
340	789
340	818
340	829
340	857
340	882
340	895
341	615
341	799
341	804
341	821
341	840
341	949
341	980
341	981
341	999
342	811
342	855
342	879
342	902
342	907
342	926
342	978
343	645
343	698
343	805
343	812
343	815
343	896
343	955
344	724
344	881
344	886
344	966
344	971
344	978
344	995
344	998
345	507
345	591
345	595
345	628
345	746
345	869
345	899
345	915
345	943
346	453
346	527
346	671
346	914
346	942
346	968
346	996
347	547
347	554
347	827
347	844
347	936
347	959
347	973
348	422
348	456
348	564
348	680
348	892
348	896
348	961
348	969
348	975
349	686
349	780
349	789
349	845
349	864
349	958
349	963
349	977
349	994
350	600
350	652
350	889
350	891
350	899
350	907
350	909
350	988
351	429
351	521
351	575
351	771
351	798
351	892
351	962
351	963
352	604
352	704
352	817
352	858
352	933
352	942
352	948
352	959
352	972
353	483
353	891
353	905
353	918
353	919
353	953
353	967
353	983
353	991
354	762
354	825
354	861
354	879
354	892
354	937
354	943
354	958
355	473
355	769
355	791
355	927
355	977
356	707
356	768
356	775
356	796
356	846
356	911
356	961
357	641
357	665
357	706
357	827
357	853
357	913
357	919
357	999
358	578
358	586
358	631
358	697
358	752
358	879
358	887
358	987
358	991
359	480
359	667
359	678
359	722
359	749
359	854
359	940
359	943
360	797
360	958
360	963
360	965
360	976
360	977
360	979
360	994
361	465
361	466
361	717
361	765
361	779
361	914
361	938
361	987
362	491
362	718
362	861
362	909
362	946
362	950
362	957
362	974
363	506
363	522
363	809
363	814
363	856
363	895
363	915
363	1000
364	563
364	605
364	823
364	838
364	857
364	868
364	941
364	943
364	947
365	752
365	831
365	836
365	853
365	913
365	948
365	957
365	999
366	527
366	617
366	645
366	727
366	730
366	760
366	969
366	980
367	750
367	797
367	863
367	900
367	928
367	939
367	977
367	990
368	748
368	805
368	862
368	898
368	918
368	923
368	936
368	953
368	991
369	461
369	487
369	636
369	649
369	773
369	963
369	977
369	992
369	994
370	618
370	762
370	786
370	921
370	954
370	967
370	970
370	1000
371	372
371	544
371	747
371	778
371	812
371	956
371	968
371	970
371	996
372	438
372	746
372	812
372	851
372	976
372	996
373	422
373	600
373	850
373	860
373	889
373	975
373	998
373	1000
374	405
374	476
374	602
374	713
374	847
374	900
374	926
375	417
375	656
375	697
375	888
375	964
375	997
376	555
376	728
376	874
376	958
376	977
376	982
376	994
377	581
377	771
377	930
377	934
377	935
377	945
377	955
377	1000
378	583
378	702
378	872
378	912
378	917
378	929
378	949
379	576
379	637
379	719
379	755
379	872
379	899
379	943
379	944
380	463
380	568
380	751
380	827
380	937
380	966
380	978
381	400
381	543
381	683
381	725
381	757
381	884
381	891
381	904
382	758
382	898
382	913
382	918
382	935
382	953
382	983
382	991
383	622
383	671
383	764
383	810
383	875
383	951
383	956
383	968
384	680
384	688
384	748
384	822
384	957
384	981
384	982
385	551
385	811
385	855
385	901
385	908
385	956
385	960
385	964
385	978
385	982
386	637
386	676
386	782
386	853
386	863
386	870
386	887
386	888
386	995
387	388
387	417
387	613
387	816
387	840
387	932
387	942
388	448
388	788
388	865
388	907
388	923
388	983
388	991
389	513
389	571
389	640
389	711
389	776
389	871
389	890
389	908
389	934
390	530
390	665
390	769
390	795
390	825
390	863
390	871
390	928
391	415
391	601
391	686
391	738
391	741
391	874
391	917
391	943
392	703
392	815
392	872
392	912
392	916
392	917
392	929
392	949
393	689
393	779
393	890
393	920
393	982
394	503
394	514
394	516
394	550
394	713
394	855
394	926
395	584
395	691
395	782
395	902
395	957
395	995
396	737
396	805
396	878
396	896
396	901
396	955
396	982
397	433
397	470
397	558
397	682
397	868
397	911
397	938
397	947
397	957
398	534
398	537
398	604
398	621
398	663
398	802
398	844
398	948
398	959
399	571
399	702
399	753
399	790
399	807
399	847
399	894
399	999
400	701
400	740
400	851
400	881
400	956
400	968
400	996
401	500
401	872
401	912
401	917
401	929
401	932
401	949
401	988
402	469
402	571
402	601
402	723
402	736
402	768
402	892
402	900
403	468
403	537
403	541
403	713
403	910
403	921
403	938
403	945
403	948
403	980
404	656
404	697
404	862
404	903
404	918
404	988
404	997
405	634
405	711
405	719
405	813
405	824
405	860
405	933
406	503
406	526
406	772
406	785
406	831
406	832
406	952
406	967
406	999
407	528
407	675
407	789
407	966
407	971
407	976
407	997
408	421
408	564
408	579
408	636
408	747
408	814
408	828
408	869
408	889
408	950
409	439
409	621
409	782
409	830
409	860
409	865
409	916
409	991
409	995
410	522
410	578
410	586
410	682
410	698
410	854
410	945
410	993
410	994
411	622
411	635
411	639
411	794
411	901
411	907
411	960
411	978
412	502
412	655
412	739
412	887
412	910
412	941
412	945
413	643
413	737
413	759
413	813
413	920
413	943
413	944
413	961
413	982
414	636
414	721
414	744
414	777
414	798
414	910
414	944
414	964
414	990
414	997
415	491
415	688
415	739
415	761
415	852
415	886
415	951
415	962
415	976
416	672
416	784
416	803
416	858
416	948
416	972
416	990
416	993
417	577
417	591
417	768
417	776
417	804
417	815
417	921
417	936
418	674
418	727
418	849
418	898
418	918
418	923
418	937
418	946
418	953
419	448
419	490
419	715
419	805
419	815
419	895
419	915
419	928
419	986
419	987
420	429
420	538
420	547
420	712
420	833
420	926
420	988
420	997
421	433
421	570
421	593
421	617
421	851
421	888
421	901
421	995
422	446
422	542
422	850
422	855
422	892
422	984
422	990
423	472
423	694
423	758
423	869
423	891
423	899
423	944
423	991
423	992
424	625
424	714
424	785
424	853
424	951
424	952
424	999
425	426
425	493
425	580
425	748
425	819
425	841
425	847
425	946
425	950
425	958
426	473
426	798
426	916
426	964
426	977
426	987
426	988
426	997
427	588
427	804
427	805
427	850
427	889
427	893
427	936
427	987
428	461
428	746
428	848
428	859
428	968
428	977
428	994
429	525
429	892
429	986
429	998
430	523
430	543
430	573
430	772
430	902
430	922
430	992
430	995
431	594
431	732
431	818
431	844
431	846
431	859
431	866
431	869
431	959
431	973
432	448
432	560
432	636
432	761
432	852
432	894
432	920
432	927
432	976
432	981
433	490
433	558
433	767
433	823
433	925
433	947
434	583
434	724
434	727
434	789
434	862
434	895
434	925
434	936
434	965
435	599
435	732
435	740
435	757
435	799
435	820
435	924
435	945
435	980
436	457
436	609
436	635
436	760
436	816
436	823
436	845
436	890
436	920
437	466
437	518
437	643
437	666
437	761
437	777
437	798
437	942
437	987
437	997
438	518
438	546
438	764
438	768
438	781
438	973
439	493
439	663
439	676
439	712
439	767
439	888
439	907
439	976
439	995
440	509
440	894
440	906
440	942
440	953
440	961
440	969
440	983
441	713
441	733
441	778
441	820
441	861
441	897
441	926
441	943
442	480
442	494
442	608
442	760
442	770
442	793
442	803
442	817
442	838
442	979
443	557
443	592
443	617
443	704
443	858
443	930
443	954
443	967
443	992
443	1000
444	590
444	618
444	732
444	819
444	866
444	867
444	946
444	950
444	957
445	564
445	585
445	710
445	755
445	860
445	975
445	980
445	985
446	460
446	608
446	664
446	681
446	769
446	792
446	914
446	976
446	998
447	612
447	633
447	658
447	667
447	853
447	895
447	904
447	965
448	508
448	525
448	546
448	814
448	889
449	534
449	665
449	729
449	777
449	808
449	871
449	969
450	474
450	508
450	711
450	805
450	817
450	900
450	905
450	926
451	691
451	758
451	784
451	789
451	826
451	847
451	890
451	915
451	984
452	508
452	539
452	573
452	620
452	791
452	833
452	837
452	846
452	882
452	911
453	612
453	714
453	720
453	797
453	856
453	956
453	965
453	996
454	520
454	527
454	734
454	770
454	845
454	868
454	947
454	999
455	644
455	794
455	820
455	881
455	956
455	966
455	971
455	974
455	982
455	984
456	590
456	760
456	889
456	896
456	931
456	943
456	949
456	982
456	996
457	529
457	563
457	613
457	681
457	792
457	832
457	932
457	986
457	997
458	468
458	646
458	699
458	846
458	863
458	917
458	924
458	934
458	980
458	993
459	481
459	497
459	643
459	770
459	882
459	894
459	897
459	920
459	922
459	925
459	965
460	553
460	677
460	792
460	876
460	906
460	932
460	937
460	942
460	981
461	481
461	494
461	645
461	671
461	696
461	798
461	956
461	968
461	996
462	561
462	731
462	776
462	933
462	945
462	961
462	969
462	975
462	985
462	998
463	564
463	585
463	654
463	827
463	901
463	951
463	974
463	978
464	659
464	662
464	730
464	848
464	894
464	929
464	956
464	968
464	977
465	634
465	691
465	834
465	936
465	978
465	987
465	989
465	994
465	996
466	577
466	887
466	936
466	987
466	997
467	468
467	496
467	651
467	954
467	958
467	963
467	977
467	994
468	541
468	628
468	703
468	993
469	565
469	606
469	700
469	768
469	836
469	838
469	841
469	892
469	986
470	539
470	674
470	759
470	787
470	813
470	894
470	944
470	984
471	662
471	673
471	734
471	737
471	927
471	933
471	961
471	981
471	988
472	595
472	868
472	869
472	899
472	943
472	944
472	949
472	960
473	494
473	555
473	785
473	817
473	972
473	990
474	479
474	799
474	809
474	824
474	860
474	878
474	926
474	995
475	587
475	624
475	706
475	717
475	735
475	767
475	778
475	802
475	909
475	913
475	999
476	506
476	636
476	652
476	675
476	782
476	888
476	889
476	909
477	786
477	800
477	885
477	917
477	923
477	967
477	970
477	992
477	1000
478	506
478	512
478	710
478	765
478	775
478	804
478	820
478	834
478	848
478	928
478	987
479	558
479	630
479	674
479	692
479	845
479	868
480	602
480	633
480	738
480	809
480	820
480	926
480	964
480	973
481	587
481	808
481	815
481	818
481	897
481	951
481	965
481	989
482	580
482	587
482	761
482	866
482	885
482	927
482	933
482	981
482	993
483	511
483	672
483	719
483	720
483	806
483	838
483	856
483	875
483	903
484	699
484	708
484	727
484	731
484	808
484	835
484	880
484	892
484	909
484	946
484	965
485	619
485	674
485	826
485	883
485	952
485	961
485	969
485	975
485	998
485	999
486	505
486	510
486	515
486	561
486	634
486	722
486	724
486	822
486	876
486	982
487	535
487	642
487	666
487	818
487	895
487	925
487	965
488	537
488	640
488	710
488	795
488	812
488	862
488	902
488	910
488	945
488	993
488	996
489	497
489	508
489	554
489	599
489	800
489	856
489	903
489	955
489	964
490	685
490	920
490	928
490	936
490	956
490	987
491	748
491	753
491	817
491	819
491	880
491	917
491	950
492	616
492	619
492	666
492	669
492	796
492	928
492	940
492	986
493	570
493	619
493	804
493	946
493	950
493	957
493	961
494	704
494	714
494	794
494	836
494	910
494	948
494	972
495	565
495	757
495	758
495	772
495	891
495	913
495	938
495	974
496	693
496	716
496	758
496	954
496	958
496	963
496	977
496	994
496	998
497	503
497	630
497	696
497	806
497	838
497	856
497	903
497	931
497	954
498	547
498	572
498	638
498	794
498	803
498	850
498	886
498	934
498	966
498	971
499	775
499	784
499	803
499	914
499	948
499	975
499	999
500	573
500	670
500	710
500	840
500	892
500	910
500	949
500	950
500	968
501	669
501	681
501	795
501	862
501	893
501	914
501	961
501	975
501	1000
502	628
502	656
502	721
502	774
502	916
502	964
502	988
502	997
503	785
503	876
503	913
503	943
503	952
503	961
503	999
504	543
504	778
504	779
504	792
504	796
504	828
504	871
504	885
505	561
505	709
505	850
505	857
505	896
505	920
505	931
505	968
505	975
506	522
506	579
506	621
506	651
506	759
506	815
506	948
507	529
507	669
507	744
507	841
507	846
507	917
507	948
507	986
508	579
508	704
508	889
508	909
508	989
509	579
509	924
509	930
509	954
509	967
509	968
509	970
509	992
509	1000
510	521
510	659
510	701
510	746
510	754
510	767
510	851
510	968
511	631
511	638
511	679
511	764
511	768
511	769
511	791
511	962
512	559
512	603
512	706
512	733
512	832
512	840
512	939
512	974
512	979
512	992
512	998
513	581
513	610
513	689
513	694
513	743
513	817
513	873
513	892
513	896
514	749
514	802
514	820
514	852
514	893
514	926
514	970
514	987
514	998
515	688
515	762
515	811
515	827
515	857
515	869
515	901
515	907
515	923
515	937
515	961
516	617
516	758
516	762
516	876
516	906
516	914
516	958
516	965
516	969
516	985
516	998
517	618
517	629
517	666
517	746
517	812
517	842
517	861
517	882
517	890
517	901
517	915
518	536
518	538
518	569
518	613
518	633
518	916
518	964
518	972
518	997
519	585
519	655
519	759
519	862
519	881
519	914
519	926
519	971
519	975
519	997
519	998
520	583
520	592
520	611
520	615
520	654
520	657
520	868
520	941
520	983
521	654
521	680
521	825
521	843
521	855
521	879
521	907
521	922
521	978
521	997
522	579
522	747
522	784
522	896
522	919
522	939
522	1000
523	544
523	551
523	665
523	770
523	834
523	871
523	898
523	902
523	910
523	922
524	581
524	719
524	726
524	754
524	836
524	935
524	936
524	940
524	955
525	681
525	709
525	771
525	836
525	858
525	889
525	892
525	961
525	986
526	635
526	771
526	843
526	844
526	878
526	896
526	974
526	982
526	990
527	667
527	686
527	778
527	789
527	920
527	956
527	968
527	996
528	643
528	649
528	707
528	728
528	753
528	796
528	963
528	977
528	987
528	994
529	613
529	622
529	727
529	774
529	792
529	932
529	942
530	777
530	850
530	891
530	902
530	903
530	922
531	557
531	636
531	661
531	768
531	769
531	846
531	877
531	911
531	916
531	958
531	997
532	576
532	700
532	708
532	755
532	759
532	836
532	850
532	899
532	918
532	943
532	953
533	693
533	707
533	710
533	751
533	773
533	804
533	861
533	910
533	958
533	994
534	584
534	692
534	696
534	732
534	734
534	802
534	959
534	973
535	612
535	642
535	657
535	852
535	882
535	897
535	989
536	700
536	716
536	721
536	735
536	797
536	806
536	903
536	916
536	979
536	988
536	997
537	595
537	598
537	736
537	740
537	813
537	840
537	945
537	986
538	604
538	608
538	729
538	746
538	754
538	916
538	949
538	964
538	988
539	551
539	557
539	791
539	811
539	847
539	901
539	911
540	562
540	646
540	656
540	735
540	859
540	918
540	964
540	965
540	988
540	997
541	562
541	593
541	663
541	782
541	888
541	953
541	964
541	995
542	608
542	625
542	660
542	708
542	730
542	733
542	914
542	975
542	981
543	559
543	680
543	729
543	756
543	767
543	873
543	938
544	620
544	675
544	716
544	762
544	827
544	879
544	937
544	960
544	976
545	649
545	652
545	658
545	779
545	819
545	820
545	824
545	884
545	905
545	940
546	884
546	930
546	954
546	964
546	970
546	992
546	1000
547	783
547	786
547	884
547	954
547	970
547	982
547	992
547	1000
548	584
548	659
548	672
548	694
548	727
548	836
548	843
548	892
548	927
548	946
549	591
549	619
549	696
549	717
549	818
549	847
549	913
549	941
549	952
549	957
550	634
550	661
550	797
550	860
550	893
550	900
550	988
551	627
551	744
551	757
551	891
551	904
551	938
552	554
552	730
552	800
552	884
552	919
552	967
552	970
552	976
552	992
552	1000
553	576
553	597
553	648
553	690
553	740
553	852
553	941
553	947
554	621
554	780
554	802
554	822
554	937
554	951
554	959
554	973
555	701
555	724
555	803
555	844
555	858
555	928
555	948
555	980
555	993
556	790
556	828
556	847
556	852
556	893
556	908
556	915
556	975
556	989
557	631
557	754
557	764
557	832
557	837
557	846
557	848
557	911
557	932
557	994
558	616
558	729
558	845
558	851
558	898
558	981
558	982
559	720
559	768
559	770
559	832
559	870
559	878
559	903
559	922
559	974
559	990
560	764
560	768
560	781
560	837
560	846
560	903
560	911
560	920
560	950
560	992
561	657
561	689
561	728
561	822
561	823
561	956
561	964
561	982
562	632
562	685
562	724
562	794
562	804
562	867
562	877
562	928
562	936
562	969
563	583
563	715
563	763
563	858
563	887
563	941
563	1000
564	586
564	701
564	826
564	850
564	894
564	950
564	961
564	995
564	998
565	643
565	646
565	766
565	869
565	880
565	902
565	904
565	922
565	984
566	682
566	757
566	772
566	779
566	885
566	891
566	922
566	931
566	938
567	620
567	670
567	745
567	824
567	870
567	900
567	926
567	939
567	985
567	988
567	990
568	599
568	633
568	671
568	719
568	808
568	818
568	897
568	921
568	947
568	966
569	612
569	763
569	786
569	828
569	835
569	858
569	882
569	901
569	921
569	965
569	996
570	577
570	584
570	676
570	797
570	830
570	885
570	888
570	985
570	995
571	642
571	661
571	705
571	807
571	874
571	957
572	582
572	617
572	641
572	679
572	728
572	757
572	834
572	881
572	966
572	971
573	610
573	700
573	779
573	797
573	801
573	821
573	839
573	924
573	980
573	981
574	607
574	671
574	840
574	843
574	878
574	888
574	920
574	948
575	620
575	807
575	836
575	841
575	870
575	904
575	963
575	971
575	986
575	993
576	676
576	689
576	759
576	813
576	869
576	899
576	956
576	982
577	698
577	701
577	804
577	815
577	834
577	906
577	923
578	710
578	765
578	805
578	876
578	928
578	936
578	952
578	974
578	986
578	987
579	744
579	764
579	808
579	871
579	889
579	909
579	968
580	624
580	695
580	761
580	782
580	830
580	860
580	936
580	982
580	995
581	629
581	836
581	883
581	912
581	915
581	924
581	973
582	591
582	881
582	886
582	893
582	915
582	956
582	966
582	971
582	989
583	592
583	616
583	715
583	947
584	593
584	637
584	782
584	791
584	849
584	863
584	888
584	994
584	995
585	626
585	731
585	818
585	895
585	897
585	921
585	966
585	976
586	682
586	776
586	799
586	804
586	859
586	889
586	928
586	936
586	970
586	990
587	749
587	764
587	766
587	787
587	866
587	951
587	962
587	978
588	719
588	746
588	797
588	809
588	820
588	824
588	886
588	893
588	915
588	933
588	960
589	734
589	766
589	814
589	825
589	833
589	837
589	872
589	875
589	933
589	951
589	962
589	976
590	724
590	760
590	823
590	859
590	876
590	920
590	928
590	970
590	982
590	995
590	999
591	767
591	891
591	902
591	922
591	938
592	630
592	648
592	835
592	863
592	925
592	941
592	947
592	998
593	759
593	766
593	786
593	801
593	830
593	888
593	995
594	664
594	776
594	785
594	844
594	883
594	894
594	959
594	973
595	676
595	813
595	851
595	869
595	882
595	943
595	944
595	952
595	964
596	705
596	763
596	819
596	857
596	872
596	899
596	912
596	917
596	919
596	929
596	949
597	618
597	750
597	806
597	923
597	927
597	939
597	946
597	950
597	957
597	984
598	657
598	723
598	829
598	867
598	884
598	892
598	960
598	967
598	970
598	992
598	1000
599	605
599	800
599	806
599	808
599	856
599	891
599	923
599	988
600	611
600	688
600	762
600	847
600	915
600	926
600	934
600	935
600	968
600	989
600	1000
601	662
601	723
601	744
601	771
601	841
601	855
601	892
601	893
601	914
601	919
601	952
602	661
602	698
602	720
602	797
602	814
602	854
602	893
602	975
602	988
603	635
603	664
603	699
603	736
603	756
603	822
603	859
603	929
603	975
603	982
603	984
603	998
604	623
604	808
604	809
604	850
604	862
604	877
604	894
604	975
604	998
605	690
605	725
605	785
605	838
605	848
605	856
605	903
605	959
606	664
606	707
606	728
606	865
606	891
606	897
606	944
606	963
606	977
606	994
607	690
607	716
607	849
607	882
607	888
607	918
607	923
607	926
607	953
607	983
607	991
608	655
608	671
608	711
608	715
608	733
608	745
608	906
608	961
608	975
608	985
609	657
609	734
609	793
609	867
609	913
609	917
609	930
609	954
609	963
609	967
609	970
609	992
609	1000
610	693
610	707
610	708
610	728
610	741
610	914
610	958
610	963
610	977
610	994
611	629
611	668
611	691
611	726
611	858
611	876
611	909
611	926
611	934
611	955
612	716
612	825
612	837
612	851
612	897
612	921
612	924
612	925
612	1000
613	677
613	694
613	714
613	722
613	821
613	932
613	995
614	626
614	741
614	743
614	744
614	807
614	810
614	825
614	855
614	872
614	874
614	885
614	910
615	623
615	688
615	703
615	738
615	739
615	863
615	924
615	945
615	948
615	993
616	648
616	655
616	863
616	868
616	941
616	947
616	951
616	990
616	998
617	718
617	840
617	863
617	870
617	910
617	939
617	979
618	704
618	748
618	750
618	879
618	946
618	950
618	957
618	958
618	991
619	696
619	706
619	708
619	913
619	919
619	952
619	954
619	983
619	999
620	771
620	796
620	836
620	858
620	892
620	962
620	983
620	986
621	678
621	732
621	844
621	853
621	897
621	959
621	973
621	998
622	645
622	701
622	730
622	746
622	824
622	854
622	894
622	934
622	968
622	979
622	996
623	758
623	820
623	862
623	894
623	914
623	929
623	975
623	976
624	717
624	836
624	841
624	853
624	919
624	942
624	952
624	999
625	651
625	708
625	758
625	799
625	966
625	975
625	998
626	705
626	757
626	790
626	807
626	828
626	874
626	881
626	884
626	963
627	711
627	823
627	830
627	865
627	900
627	918
627	923
627	953
627	965
627	983
627	991
628	658
628	737
628	755
628	824
628	869
628	922
628	940
628	943
628	944
629	767
629	793
629	886
629	890
629	901
629	908
629	934
629	958
630	761
630	793
630	907
630	916
630	941
630	947
630	983
631	665
631	764
631	781
631	837
631	873
631	911
631	981
631	995
632	752
632	765
632	771
632	776
632	834
632	837
632	936
632	946
632	978
632	987
633	685
633	690
633	818
633	904
633	921
633	925
633	980
634	725
634	765
634	776
634	790
634	815
634	834
634	887
634	957
635	685
635	823
635	826
635	843
635	859
635	932
635	967
635	982
635	990
636	652
636	814
636	869
636	889
636	909
636	911
636	916
637	647
637	676
637	798
637	830
637	850
637	931
637	995
638	675
638	679
638	684
638	712
638	787
638	887
638	943
638	945
638	966
638	971
639	644
639	709
639	765
639	783
639	819
639	868
639	900
639	939
639	954
639	979
639	990
640	648
640	688
640	785
640	841
640	883
640	890
640	934
640	936
640	943
640	955
640	984
641	642
641	691
641	692
641	712
641	844
641	881
641	886
641	925
641	966
641	971
642	644
642	683
642	712
642	737
642	787
642	794
642	966
642	971
643	656
643	686
643	697
643	735
643	793
643	798
643	916
643	964
644	647
644	679
644	842
644	868
644	881
644	886
644	913
644	966
644	971
644	997
645	778
645	793
645	851
645	862
645	935
645	964
645	996
645	999
646	719
646	725
646	736
646	797
646	809
646	854
646	860
646	878
646	926
646	985
647	783
647	848
647	864
647	870
647	893
647	900
647	911
647	932
647	939
647	978
647	979
647	990
648	873
648	885
648	899
648	947
648	999
649	690
649	728
649	814
649	825
649	901
649	958
649	963
649	970
649	977
649	994
649	997
650	841
650	845
650	880
650	927
650	931
650	933
650	942
650	961
650	962
650	965
650	981
650	997
651	652
651	690
651	709
651	747
651	806
651	838
651	889
651	909
651	917
652	707
652	814
652	909
652	935
652	971
652	994
652	1000
653	675
653	715
653	751
653	817
653	873
653	906
653	908
653	914
653	927
653	948
653	961
653	985
653	998
654	825
654	855
654	864
654	879
654	907
654	919
654	937
654	945
654	960
654	961
654	978
655	701
655	841
655	874
655	894
655	914
655	940
655	941
655	961
655	969
655	985
656	777
656	799
656	854
656	935
656	964
656	984
656	988
657	678
657	716
657	728
657	827
657	855
657	879
657	937
657	960
657	978
658	687
658	811
658	872
658	884
658	896
658	903
658	930
658	954
658	967
658	992
658	1000
659	672
659	723
659	731
659	768
659	771
659	796
659	916
659	919
659	954
660	697
660	768
660	769
660	788
660	834
660	849
660	898
660	918
660	923
660	937
660	983
660	991
661	669
661	678
661	711
661	756
661	809
661	893
661	897
661	906
661	940
661	993
662	736
662	851
662	865
662	898
662	918
662	922
662	923
662	953
662	963
662	983
662	991
663	676
663	748
663	782
663	830
663	888
663	957
663	988
663	992
663	995
663	997
664	676
664	780
664	806
664	816
664	822
664	832
664	876
664	896
664	920
664	982
665	779
665	812
665	828
665	877
665	885
665	891
665	922
665	933
665	968
666	669
666	672
666	796
666	841
666	894
666	926
666	955
666	985
666	986
667	731
667	772
667	835
667	882
667	897
667	902
667	912
667	965
667	969
667	982
668	754
668	766
668	833
668	883
668	902
668	910
668	915
668	935
668	943
668	951
668	984
669	771
669	796
669	883
669	905
669	915
669	921
669	985
669	986
670	710
670	732
670	739
670	751
670	875
670	877
670	910
670	920
670	980
670	993
671	848
671	851
671	927
671	996
672	708
672	744
672	796
672	833
672	888
672	969
672	986
672	991
673	761
673	803
673	828
673	852
673	875
673	878
673	880
673	899
673	933
673	934
673	951
673	962
673	976
674	737
674	755
674	759
674	813
674	828
674	943
674	944
674	948
674	959
675	721
675	787
675	881
675	886
675	925
675	961
675	966
675	971
675	995
676	776
676	804
676	847
676	888
676	963
676	995
677	755
677	786
677	792
677	799
677	815
677	894
677	932
677	942
677	944
677	948
677	998
678	797
678	824
678	834
678	854
678	905
678	948
678	998
679	794
679	801
679	881
679	886
679	910
679	918
679	962
679	966
679	971
679	993
680	760
680	809
680	817
680	822
680	843
680	859
680	931
680	942
680	970
681	747
681	758
681	848
681	862
681	906
681	913
681	951
681	969
681	985
682	752
682	757
682	774
682	795
682	805
682	887
682	936
682	987
683	741
683	779
683	885
683	898
683	904
683	924
683	929
683	938
683	960
684	775
684	797
684	832
684	847
684	854
684	863
684	864
684	870
684	900
684	918
684	974
684	979
685	752
685	765
685	776
685	815
685	866
685	886
685	928
685	987
685	990
685	991
685	992
686	728
686	773
686	895
686	914
686	958
686	963
686	977
686	991
686	994
687	695
687	736
687	867
687	871
687	884
687	886
687	929
687	944
687	967
687	970
687	992
687	1000
688	734
688	820
688	839
688	935
688	961
688	984
688	990
689	722
689	876
689	878
689	892
689	896
689	928
689	931
689	938
690	788
690	800
690	831
690	849
690	865
690	923
690	953
690	983
690	991
691	833
691	842
691	873
691	906
691	921
691	928
691	934
691	935
691	944
691	984
691	993
692	723
692	732
692	780
692	802
692	810
692	824
692	844
692	868
692	882
692	959
692	973
692	988
693	726
693	773
693	809
693	830
693	919
693	958
693	963
693	994
694	718
694	839
694	861
694	873
694	883
694	908
694	915
694	928
694	935
694	947
694	978
694	991
695	738
695	819
695	830
695	837
695	888
695	920
695	937
695	985
695	995
696	777
696	846
696	853
696	913
696	919
696	952
696	978
697	707
697	721
697	764
697	836
697	937
697	964
697	988
697	997
698	739
698	741
698	804
698	887
698	922
698	928
698	933
698	947
698	987
698	996
699	736
699	823
699	843
699	859
699	878
699	883
699	920
699	931
699	939
699	977
700	709
700	763
700	799
700	840
700	910
700	945
700	962
700	980
700	993
701	730
701	851
701	920
701	984
701	996
702	788
702	801
702	838
702	843
702	845
702	849
702	898
702	918
702	923
702	953
702	983
702	991
703	706
703	724
703	770
703	784
703	810
703	817
703	854
703	859
703	948
703	972
703	983
704	724
704	784
704	793
704	803
704	810
704	861
704	929
704	972
704	974
704	976
705	710
705	741
705	777
705	790
705	822
705	838
705	874
705	996
706	721
706	785
706	831
706	869
706	919
706	935
706	952
706	961
706	965
706	984
706	999
707	726
707	773
707	828
707	958
707	963
707	971
707	972
707	976
707	977
707	994
708	724
708	850
708	906
708	981
708	985
708	998
709	774
709	792
709	801
709	914
709	924
709	945
709	980
709	993
709	997
710	740
710	840
710	879
710	924
710	952
710	976
710	980
710	993
711	713
711	756
711	778
711	820
711	836
711	916
711	936
711	958
712	729
712	765
712	787
712	794
712	870
712	881
712	886
712	966
712	971
712	998
713	719
713	723
713	749
713	893
713	905
713	940
713	960
713	973
713	983
713	990
713	999
714	746
714	845
714	848
714	851
714	956
714	968
714	981
714	983
714	986
714	996
715	784
715	846
715	859
715	868
715	941
715	947
715	948
716	788
716	827
716	901
716	931
716	932
716	978
716	996
717	831
717	842
717	853
717	912
717	913
717	947
717	952
717	959
717	980
717	984
717	993
717	999
718	725
718	728
718	733
718	738
718	743
718	775
718	837
718	863
718	939
718	971
718	974
718	990
719	749
719	809
719	824
719	833
719	854
719	880
720	746
720	763
720	857
720	872
720	912
720	917
720	925
720	929
720	949
720	953
721	777
721	840
721	861
721	862
721	891
721	904
721	988
721	997
722	782
722	797
722	853
722	859
722	876
722	909
722	931
722	981
722	982
723	744
723	771
723	836
723	986
724	810
724	817
724	858
724	951
724	962
724	972
725	806
725	838
725	867
725	932
725	979
726	764
726	812
726	873
726	878
726	890
726	935
726	945
726	957
726	970
726	984
727	776
727	835
727	849
727	881
727	882
727	897
727	921
727	928
727	965
728	746
728	827
728	841
728	878
728	958
728	977
728	994
729	735
729	777
729	798
729	865
729	899
729	917
729	964
729	966
729	988
729	995
729	997
730	770
730	778
730	880
730	928
730	968
730	1000
731	749
731	796
731	848
731	882
731	891
731	895
731	902
731	921
731	925
731	965
732	766
732	780
732	802
732	843
732	856
732	868
732	873
732	959
732	973
732	986
733	791
733	813
733	817
733	829
733	839
733	863
733	864
733	939
733	974
733	979
734	852
734	857
734	864
734	866
734	933
734	939
734	951
734	976
734	981
734	998
735	773
735	793
735	805
735	818
735	879
735	916
735	927
735	938
735	941
735	964
735	988
735	997
736	750
736	867
736	874
736	884
736	930
736	954
736	967
736	970
736	992
736	1000
737	755
737	759
737	801
737	813
737	850
737	898
737	899
737	943
737	970
738	740
738	799
738	821
738	855
738	914
738	980
738	993
739	774
739	799
739	910
739	918
739	945
740	767
740	770
740	820
740	821
740	840
740	865
740	980
740	991
740	993
741	743
741	752
741	790
741	807
741	858
741	869
741	874
741	948
741	986
742	775
742	783
742	812
742	833
742	861
742	873
742	876
742	883
742	889
742	896
742	913
742	935
742	959
742	967
742	984
742	989
743	790
743	807
743	842
743	872
743	874
743	889
743	956
744	746
744	771
744	796
744	836
744	872
744	892
744	907
744	994
745	783
745	819
745	832
745	841
745	864
745	887
745	893
745	900
745	939
745	947
745	954
745	974
745	979
745	990
746	771
746	778
746	831
746	968
747	814
747	833
747	834
747	889
747	909
747	911
747	921
747	967
747	978
747	1000
748	750
748	792
748	819
748	881
748	907
748	946
748	950
748	951
748	957
749	783
749	809
749	831
749	860
749	893
749	905
749	940
749	974
749	998
750	753
750	819
750	852
750	888
750	932
750	946
750	950
750	957
750	965
750	994
751	762
751	777
751	778
751	811
751	825
751	829
751	870
751	879
751	907
751	937
751	960
751	978
751	981
751	982
752	790
752	805
752	870
752	887
752	888
752	917
752	926
752	936
752	967
752	987
753	819
753	825
753	877
753	881
753	918
753	946
753	950
753	957
753	959
754	833
754	839
754	842
754	845
754	883
754	890
754	910
754	938
754	941
754	955
754	964
754	972
754	984
755	813
755	816
755	839
755	900
755	938
755	941
755	943
755	944
756	797
756	804
756	824
756	854
756	860
756	893
756	896
756	905
756	940
756	972
756	989
757	795
757	904
757	915
757	930
757	938
757	940
757	943
757	979
758	802
758	850
758	903
758	914
758	970
758	985
758	998
759	804
759	805
759	813
759	869
759	928
759	944
759	948
759	977
760	803
760	823
760	824
760	837
760	878
760	890
760	891
760	918
760	940
760	982
760	994
761	766
761	821
761	829
761	867
761	872
761	874
761	875
761	927
761	962
761	976
761	986
761	993
762	783
762	789
762	825
762	842
762	855
762	901
762	909
762	937
762	953
762	960
762	977
762	978
763	857
763	872
763	878
763	909
763	912
763	917
763	929
763	931
763	949
763	960
764	781
764	791
764	815
764	846
764	907
764	911
764	940
764	992
765	771
765	775
765	834
765	871
765	882
765	928
765	950
765	980
765	987
765	996
766	829
766	849
766	861
766	866
766	873
766	927
766	934
766	962
766	976
766	981
766	984
767	779
767	828
767	891
767	897
767	903
767	904
767	918
767	922
767	938
768	769
768	781
768	795
768	837
768	846
768	885
768	911
768	967
769	781
769	791
769	837
769	846
769	854
769	872
769	904
769	911
769	953
769	975
769	996
770	793
770	803
770	810
770	817
770	822
770	858
770	861
770	948
770	952
770	972
771	786
771	836
771	877
771	885
771	925
771	962
772	789
772	839
772	895
772	897
772	921
772	945
772	965
772	975
773	852
773	868
773	896
773	937
773	939
773	958
773	963
773	976
773	977
773	990
773	994
774	799
774	801
774	805
774	815
774	850
774	877
774	924
774	945
774	953
774	966
774	980
774	991
774	993
775	783
775	863
775	939
775	940
775	951
775	974
775	978
775	979
775	990
776	805
776	834
776	886
776	895
776	928
776	936
776	987
776	994
777	788
777	798
777	904
777	930
777	932
777	939
777	951
777	988
777	997
778	851
778	942
778	956
778	962
779	871
779	887
779	902
779	904
779	922
779	953
779	955
780	803
780	818
780	834
780	844
780	887
780	892
780	912
780	944
780	959
780	973
780	980
780	990
781	791
781	813
781	837
781	839
781	846
781	864
781	911
781	930
781	941
781	972
781	973
781	982
781	991
782	791
782	793
782	835
782	874
782	875
782	888
782	895
782	995
782	997
783	796
783	864
783	900
783	927
783	939
783	946
783	974
783	979
784	810
784	856
784	858
784	948
784	964
784	966
784	972
784	985
785	831
785	848
785	913
785	919
785	951
785	952
785	955
785	956
785	981
785	999
786	867
786	899
786	916
786	921
786	930
786	954
786	967
786	970
786	992
786	1000
787	794
787	822
787	881
787	886
787	917
787	949
787	960
787	964
787	966
787	971
788	848
788	849
788	865
788	867
788	879
788	898
788	914
788	923
788	924
788	953
788	965
788	972
788	983
788	985
788	991
789	818
789	835
789	882
789	897
789	910
789	921
789	964
789	972
789	977
790	807
790	874
790	885
790	895
790	927
790	962
790	979
790	988
791	830
791	846
791	876
791	884
791	911
791	915
791	933
792	915
792	932
792	936
792	942
792	999
793	803
793	810
793	817
793	830
793	858
793	895
793	897
793	948
793	972
793	978
794	807
794	865
794	881
794	886
794	890
794	919
794	921
794	966
794	971
795	842
795	885
795	891
795	902
795	904
795	917
795	922
795	937
795	938
795	961
795	989
796	827
796	888
796	908
796	978
796	983
796	986
797	814
797	854
797	860
797	926
797	940
797	976
798	821
798	934
798	964
798	972
798	973
798	975
798	979
798	990
798	997
799	801
799	871
799	877
799	924
799	945
799	952
799	980
800	806
800	838
800	849
800	856
800	903
800	936
800	939
800	969
800	980
801	811
801	821
801	840
801	858
801	877
801	898
801	910
801	924
801	952
801	958
801	993
802	807
802	844
802	916
802	932
802	946
802	959
802	961
802	973
802	981
802	987
803	816
803	817
803	858
803	860
803	870
803	935
803	937
803	972
803	980
804	837
804	887
804	920
804	928
804	979
805	827
805	843
805	857
805	887
805	918
805	928
805	936
805	939
805	987
806	838
806	856
806	882
806	903
806	911
806	959
806	969
806	972
806	981
807	852
807	874
807	898
807	903
807	927
807	973
808	835
808	836
808	877
808	878
808	882
808	895
808	897
808	925
808	975
808	976
808	989
809	812
809	824
809	833
809	857
809	869
809	905
809	926
809	940
809	944
809	949
810	839
810	858
810	874
810	907
810	930
810	971
810	972
810	976
811	827
811	851
811	894
811	901
811	907
811	913
811	940
811	943
811	954
811	960
811	978
811	979
812	839
812	847
812	934
812	944
812	945
812	947
812	971
812	984
812	989
813	830
813	899
813	902
813	918
813	928
813	943
813	944
813	958
813	964
814	889
814	904
814	906
814	908
814	909
814	922
814	994
815	834
815	881
815	887
815	927
815	936
815	937
815	961
815	987
816	822
816	827
816	834
816	843
816	859
816	876
816	895
816	896
816	920
816	982
816	984
816	1000
817	858
817	867
817	883
817	912
817	948
817	972
817	975
818	835
818	850
818	851
818	855
818	898
818	921
818	925
818	965
818	986
818	995
819	881
819	895
819	902
819	925
819	946
819	950
819	957
820	824
820	860
820	917
820	940
820	974
820	976
820	999
821	877
821	904
821	908
821	910
821	920
821	924
821	929
821	931
821	945
821	953
821	965
821	993
822	841
822	854
822	902
822	912
822	931
822	932
822	983
823	836
823	853
823	896
823	920
823	930
823	931
823	933
823	966
824	860
824	893
824	934
824	940
824	958
824	977
824	985
825	827
825	879
825	907
825	960
825	961
825	971
825	978
825	982
825	987
825	996
826	828
826	851
826	862
826	906
826	914
826	918
826	933
826	961
826	969
826	983
826	987
826	995
826	998
827	870
827	901
827	937
827	947
827	959
827	960
827	978
827	989
827	993
828	871
828	885
828	891
828	902
828	904
828	922
828	938
828	939
828	954
828	956
829	852
829	875
829	880
829	886
829	923
829	965
829	975
829	976
829	981
829	993
830	887
830	904
830	908
830	933
830	951
830	977
830	995
831	837
831	882
831	919
831	929
831	930
831	952
831	969
831	977
831	984
831	992
831	999
832	840
832	870
832	939
832	963
832	974
832	979
832	982
832	990
832	991
833	847
833	890
833	915
833	916
833	924
833	955
833	989
833	1000
834	843
834	844
834	887
834	928
834	987
835	842
835	881
835	895
835	906
835	925
835	934
835	935
835	961
835	965
836	841
836	892
836	983
836	986
837	842
837	846
837	942
837	974
838	856
838	903
838	933
838	958
838	961
838	969
838	977
839	842
839	896
839	908
839	913
839	934
839	935
839	955
839	984
840	877
840	900
840	910
840	945
840	953
840	967
840	975
841	892
841	973
841	984
841	986
842	847
842	883
842	890
842	898
842	934
842	935
842	942
842	984
842	989
842	994
843	876
843	902
843	906
843	920
843	931
843	982
843	994
843	998
844	891
844	959
844	973
844	989
844	993
845	868
845	937
845	940
845	947
845	953
845	957
845	989
846	873
846	899
846	908
846	910
846	924
846	970
847	873
847	890
847	904
847	908
847	934
847	971
847	989
848	851
848	864
848	893
848	956
848	967
848	968
848	996
849	865
849	884
849	898
849	903
849	923
849	931
849	938
849	953
849	969
849	982
849	983
849	991
850	852
850	862
850	947
850	958
850	961
850	969
850	975
850	985
851	968
851	977
851	979
851	981
851	996
852	880
852	912
852	927
852	933
852	951
852	962
852	976
852	977
852	981
853	905
853	913
853	914
853	919
853	925
853	952
853	962
853	988
853	996
853	999
854	905
854	938
854	997
855	878
855	897
855	901
855	907
855	929
855	937
855	978
855	981
855	985
856	865
856	892
856	903
856	935
856	991
856	996
857	872
857	885
857	888
857	907
857	912
857	917
857	929
857	949
857	972
858	912
858	914
858	948
858	972
858	978
859	868
859	920
859	931
859	968
859	971
859	995
860	862
860	882
860	905
860	923
860	926
860	940
860	965
861	873
861	893
861	908
861	915
861	934
861	935
861	955
861	978
861	984
861	989
861	990
862	894
862	914
862	935
862	956
862	969
862	975
862	989
862	995
863	870
863	908
863	921
863	922
863	974
863	979
863	990
864	870
864	900
864	901
864	939
864	960
864	974
864	975
864	985
864	987
864	990
865	872
865	893
865	898
865	918
865	923
865	953
865	962
865	983
865	991
866	875
866	893
866	898
866	926
866	927
866	933
866	941
866	953
866	962
866	981
866	985
866	993
867	879
867	884
867	930
867	943
867	954
867	960
867	967
867	970
867	977
867	992
867	1000
868	870
868	871
868	888
868	926
868	947
869	876
869	884
869	899
869	909
869	943
869	944
869	955
869	999
870	900
870	922
870	935
870	979
870	990
870	997
871	885
871	891
871	938
871	941
871	949
871	955
871	963
871	967
872	912
872	917
872	929
872	946
872	947
872	949
872	984
873	883
873	887
873	903
873	905
873	915
873	922
873	981
873	984
873	989
874	905
874	943
874	946
874	958
874	978
874	998
875	880
875	885
875	905
875	911
875	933
875	938
875	951
875	962
875	969
875	976
875	981
875	987
876	920
876	924
876	931
876	965
876	982
876	986
877	910
877	924
877	951
877	966
877	975
877	980
877	991
877	993
878	901
878	920
878	930
878	931
878	983
879	901
879	906
879	907
879	912
879	931
879	960
879	978
880	881
880	927
880	940
880	962
880	966
880	969
880	976
880	981
880	984
880	997
881	890
881	966
881	971
881	997
882	900
882	914
882	925
882	966
882	967
882	988
883	902
883	908
883	915
883	926
883	946
883	959
883	979
883	987
883	989
883	993
884	907
884	930
884	933
884	954
884	967
884	970
884	977
884	986
884	992
884	1000
885	891
885	902
885	904
885	938
885	975
885	980
885	998
886	913
886	931
886	958
886	966
886	971
887	909
887	928
887	932
887	936
887	957
887	987
888	889
888	968
888	995
889	909
889	934
889	947
889	974
889	986
890	897
890	908
890	920
890	934
890	948
890	970
890	971
890	979
890	989
890	999
891	918
891	922
891	951
891	994
892	938
892	944
892	986
893	905
893	922
893	926
893	940
893	945
893	1000
894	906
894	914
894	975
894	981
894	985
894	989
894	998
895	897
895	919
895	921
895	925
895	992
895	999
896	920
896	925
896	982
896	996
897	905
897	908
897	910
897	921
897	965
897	996
898	918
898	923
898	953
898	983
898	987
898	1000
899	907
899	943
899	944
899	951
899	952
899	962
899	990
899	995
900	939
900	960
900	974
900	979
900	990
900	991
901	905
901	935
901	937
901	960
901	973
901	978
901	990
902	938
902	995
902	996
903	946
903	978
903	998
904	906
904	916
904	922
904	938
904	960
904	965
905	925
905	926
905	940
905	955
905	973
905	978
905	992
905	999
906	927
906	928
906	961
906	969
906	985
907	937
907	960
907	963
907	970
907	978
907	992
908	915
908	934
908	969
908	984
908	989
908	999
908	1000
909	942
909	944
909	947
909	989
909	996
909	999
910	927
910	934
910	941
910	945
910	980
910	993
911	944
911	950
911	967
911	970
911	976
911	989
911	992
912	917
912	924
912	929
912	940
912	949
912	962
912	968
912	988
912	992
913	914
913	919
913	937
913	939
913	952
913	965
913	984
913	999
914	956
914	961
914	968
914	969
914	975
914	985
914	998
915	931
915	935
915	938
915	955
915	984
915	986
915	989
915	992
915	996
916	950
916	964
916	977
916	988
916	997
917	929
917	931
917	936
917	942
917	949
917	955
917	991
918	923
918	935
918	953
918	956
918	960
918	979
918	983
918	991
919	945
919	952
919	960
919	970
919	979
919	995
919	999
920	958
920	982
920	984
921	940
921	957
921	958
921	965
921	996
921	997
922	928
922	937
922	967
922	991
923	933
923	949
923	953
923	978
923	981
923	983
923	991
924	930
924	943
924	956
924	980
924	983
924	989
924	993
924	999
925	959
925	965
925	973
925	985
926	940
927	933
927	951
927	962
927	972
927	981
927	993
928	936
928	983
928	987
929	949
929	960
929	969
929	970
929	975
929	980
929	986
930	935
930	952
930	954
930	967
930	970
930	975
930	979
930	992
930	994
930	1000
931	934
931	952
931	955
931	972
931	982
931	996
932	938
932	942
932	950
932	968
932	972
932	977
933	957
933	962
933	966
933	971
933	976
933	981
933	999
934	940
934	955
934	973
934	981
934	989
935	955
935	963
935	984
935	989
936	945
936	969
936	1000
937	960
937	978
937	987
937	992
937	995
938	995
939	949
939	956
939	974
939	979
939	990
940	988
941	947
941	969
941	980
941	1000
942	947
942	962
942	971
942	987
943	944
944	997
944	1000
945	955
945	958
945	980
945	982
945	993
946	950
946	956
946	957
946	964
946	965
946	983
946	992
948	950
948	972
948	983
948	985
949	952
949	968
949	974
949	994
949	999
950	957
950	963
950	976
950	979
950	985
950	986
951	962
951	976
951	981
952	954
952	994
952	999
953	971
953	983
953	986
953	991
953	996
953	1000
954	962
954	967
954	969
954	970
954	974
954	980
954	992
954	1000
955	959
955	977
955	984
955	985
955	988
955	989
956	964
956	968
956	987
956	996
957	972
957	977
957	983
957	992
958	963
958	968
958	974
958	977
958	994
959	973
959	991
960	975
960	976
960	978
960	982
960	987
960	999
961	969
961	971
961	975
961	985
961	998
962	975
962	976
962	979
962	981
963	964
963	977
963	984
963	987
963	994
963	1000
964	972
964	988
964	994
964	997
965	968
965	969
965	993
966	971
966	974
966	982
966	986
967	970
967	982
967	984
967	986
967	992
967	998
967	1000
968	973
968	986
968	993
968	996
969	973
969	975
969	985
970	975
970	985
970	992
970	1000
971	973
971	980
971	987
971	988
971	999
972	981
972	988
972	994
973	978
973	992
974	979
974	980
974	990
974	996
975	979
975	985
975	998
976	981
977	990
977	994
978	993
978	995
979	990
981	995
982	987
982	992
982	994
983	991
983	998
984	989
985	991
985	993
985	995
987	989
987	998
988	993
988	997
989	1000
991	993
992	1000
993	997
994	995
994	998