1	210
1	582
1	655
1	856
1	867
1	936
1	943
2	797
2	808
2	844
2	910
2	925
2	941
2	949
3	473
3	667
3	830
3	838
3	914
3	918
3	988
4	396
4	504
4	611
4	786
4	825
4	878
4	886
5	301
5	389
5	524
5	692
5	808
5	811
5	923
6	208
6	609
6	758
6	843
6	894
6	975
6	980
7	230
7	681
7	764
7	838
7	934
7	983
7	996
8	350
8	623
8	911
8	942
8	975
8	980
8	998
9	336
9	341
9	460
9	922
9	938
9	963
9	993
10	80
10	144
10	400
10	550
10	629
10	877
10	900
11	822
11	888
11	891
11	909
11	947
11	984
11	1000
12	413
12	696
12	703
12	903
12	913
12	915
12	967
13	41
13	669
13	774
13	830
13	838
13	920
13	992
14	755
14	769
14	866
14	885
14	905
14	966
14	970
15	219
15	558
15	593
15	618
15	661
15	683
15	955
16	272
16	700
16	772
16	827
16	842
16	989
16	997
17	69
17	727
17	761
17	844
17	910
17	925
17	999
18	173
18	522
18	647
18	769
18	857
18	866
18	885
19	49
19	97
19	581
19	685
19	760
19	854
19	927
20	251
20	704
20	753
20	803
20	839
20	906
20	1000
21	203
21	455
21	777
21	827
21	852
21	959
21	997
22	227
22	421
22	579
22	844
22	859
22	948
22	956
23	589
23	638
23	783
23	871
23	928
23	974
23	979
24	698
24	727
24	740
24	784
24	872
24	910
24	925
25	212
25	241
25	384
25	513
25	848
25	918
25	956
26	294
26	375
26	678
26	875
26	879
26	982
26	998
27	672
27	736
27	746
27	868
27	914
27	920
27	992
28	521
28	559
28	663
28	668
28	706
28	805
28	893
29	494
29	556
29	775
29	780
29	846
29	981
29	985
30	111
30	538
30	636
30	637
30	677
30	747
30	874
31	482
31	590
31	786
31	825
31	854
31	886
31	994
32	71
32	810
32	830
32	889
32	928
32	974
32	979
33	641
33	707
33	740
33	807
33	844
33	925
33	949
34	145
34	235
34	258
34	463
34	613
34	857
34	890
35	361
35	425
35	704
35	845
35	969
35	972
35	979
36	595
36	708
36	734
36	745
36	746
36	800
36	961
37	217
37	796
37	872
37	960
37	962
37	965
37	968
38	504
38	601
38	851
38	862
38	923
38	966
38	976
39	125
39	324
39	481
39	607
39	629
39	877
39	981
40	99
40	695
40	720
40	744
40	908
40	957
40	959
41	432
41	438
41	552
41	690
41	830
41	992
42	448
42	683
42	688
42	892
42	938
42	993
42	998
43	145
43	313
43	520
43	613
43	686
43	890
43	997
44	489
44	540
44	763
44	901
44	950
44	983
44	996
45	297
45	767
45	778
45	799
45	943
45	951
45	958
46	150
46	769
46	807
46	866
46	885
46	905
46	966
47	132
47	748
47	782
47	903
47	913
47	915
47	967
48	129
48	208
48	243
48	303
48	458
48	751
48	874
49	209
49	624
49	897
49	951
49	952
49	995
50	53
50	318
50	832
50	887
50	949
50	955
50	961
51	466
51	821
51	827
51	942
51	975
51	980
51	998
52	729
52	742
52	868
52	912
52	939
52	957
52	959
53	378
53	757
53	944
53	955
53	980
53	982
54	182
54	331
54	690
54	859
54	876
54	953
54	991
55	196
55	287
55	722
55	862
55	916
55	923
55	994
56	111
56	239
56	496
56	951
56	965
56	977
56	986
57	122
57	138
57	490
57	623
57	851
57	876
57	966
58	190
58	652
58	812
58	854
58	926
58	939
58	967
59	138
59	434
59	714
59	818
59	860
59	904
59	971
60	737
60	804
60	863
60	952
60	977
60	986
60	995
61	92
61	229
61	353
61	392
61	808
61	862
61	994
62	819
62	833
62	861
62	891
62	898
62	946
62	989
63	656
63	761
63	830
63	838
63	884
63	961
63	992
64	509
64	549
64	674
64	845
64	895
64	939
64	957
65	287
65	570
65	851
65	874
65	924
65	976
65	994
66	143
66	810
66	889
66	927
66	928
66	974
66	979
67	80
67	446
67	523
67	576
67	654
67	961
67	992
68	167
68	533
68	554
68	597
68	616
68	956
68	978
69	324
69	400
69	679
69	854
69	877
69	900
70	617
70	804
70	930
70	931
70	960
70	962
70	965
71	305
71	636
71	694
71	805
71	893
71	975
72	540
72	605
72	892
72	938
72	987
72	990
72	993
73	501
73	669
73	880
73	922
73	938
73	987
73	993
74	220
74	286
74	675
74	703
74	802
74	903
74	967
75	248
75	673
75	792
75	901
75	933
75	983
75	996
76	393
76	565
76	902
76	911
76	975
76	980
76	998
77	454
77	620
77	717
77	867
77	904
77	969
77	970
78	883
78	913
78	921
78	941
78	945
78	981
78	985
79	657
79	789
79	888
79	901
79	934
79	950
79	999
80	210
80	970
80	986
80	988
80	992
81	408
81	880
81	888
81	894
81	911
81	977
81	998
82	213
82	250
82	764
82	855
82	901
82	983
82	996
83	88
83	212
83	477
83	520
83	786
83	885
83	890
84	255
84	307
84	869
84	917
84	943
84	958
84	988
85	297
85	508
85	680
85	693
85	742
85	799
85	961
86	229
86	262
86	390
86	774
86	918
86	976
86	994
87	291
87	555
87	692
87	851
87	916
87	918
87	923
88	140
88	212
88	564
88	857
88	890
88	922
89	773
89	783
89	810
89	839
89	892
89	974
89	979
90	587
90	782
90	825
90	904
90	913
90	915
90	967
91	120
91	534
91	710
91	744
91	793
91	924
91	973
92	167
92	485
92	814
92	912
92	976
92	994
93	302
93	505
93	511
93	623
93	923
93	966
93	994
94	512
94	530
94	662
94	696
94	746
94	801
94	859
95	437
95	765
95	774
95	858
95	875
95	893
95	917
96	159
96	585
96	776
96	863
96	884
96	960
96	961
97	746
97	853
97	884
97	958
97	988
97	992
98	519
98	922
98	938
98	963
98	990
98	993
98	1000
99	174
99	960
99	962
99	965
99	968
99	994
100	187
100	463
100	538
100	718
100	751
100	874
100	953
101	628
101	681
101	703
101	920
101	958
101	965
101	974
102	266
102	815
102	934
102	983
102	989
102	996
102	999
103	530
103	696
103	816
103	846
103	859
103	953
103	954
104	312
104	646
104	691
104	831
104	845
104	917
104	969
105	135
105	793
105	821
105	832
105	842
105	852
105	997
106	161
106	612
106	873
106	879
106	887
106	944
106	982
107	230
107	514
107	764
107	813
107	831
107	934
107	996
108	402
108	863
108	930
108	952
108	954
108	977
108	986
109	512
109	703
109	903
109	913
109	915
109	943
109	967
110	362
110	849
110	873
110	879
110	929
110	944
110	982
111	328
111	397
111	460
111	677
111	861
112	129
112	612
112	653
112	738
112	774
112	929
112	982
113	406
113	644
113	706
113	808
113	851
113	916
113	994
114	246
114	785
114	810
114	889
114	968
114	974
114	979
115	616
115	899
115	922
115	953
115	987
115	990
115	993
116	194
116	290
116	564
116	813
116	951
116	952
116	954
117	201
117	808
117	809
117	811
117	852
117	966
117	976
118	549
118	700
118	760
118	823
118	854
118	939
118	957
119	724
119	749
119	865
119	955
119	969
119	970
119	975
120	646
120	692
120	862
120	966
120	976
120	994
121	243
121	397
121	515
121	747
121	751
121	843
121	874
122	552
122	585
122	692
122	918
122	966
122	994
123	774
123	849
123	873
123	875
123	929
123	941
123	982
124	317
124	820
124	840
124	853
124	919
124	971
124	992
125	281
125	422
125	441
125	556
125	900
125	975
126	432
126	658
126	672
126	690
126	896
126	920
126	958
127	396
127	561
127	620
127	660
127	673
127	825
127	886
128	424
128	661
128	800
128	827
128	832
128	937
128	955
129	239
129	658
129	944
129	962
129	982
130	362
130	502
130	912
130	937
130	947
130	964
130	1000
131	146
131	219
131	338
131	618
131	667
131	757
131	800
132	359
132	458
132	835
132	857
132	890
132	942
133	200
133	247
133	446
133	628
133	884
133	914
133	988
134	500
134	550
134	561
134	786
134	825
134	886
134	915
135	251
135	396
135	561
135	630
135	825
135	886
136	259
136	780
136	829
136	846
136	921
136	985
136	989
137	714
137	783
137	785
137	889
137	890
137	974
137	979
138	606
138	735
138	853
138	904
138	919
139	383
139	683
139	708
139	745
139	920
139	958
139	961
140	450
140	458
140	495
140	854
140	857
140	890
141	469
141	573
141	678
141	765
141	869
141	917
141	970
142	319
142	648
142	861
142	866
142	935
142	964
142	989
143	374
143	930
143	931
143	963
143	965
143	968
144	308
144	377
144	629
144	640
144	877
144	900
145	264
145	333
145	519
145	857
145	890
146	495
146	618
146	746
146	800
146	887
146	955
147	408
147	647
147	711
147	881
147	902
147	942
147	980
148	430
148	538
148	565
148	671
148	677
148	718
148	874
149	448
149	728
149	730
149	795
149	798
149	810
149	826
150	486
150	685
150	802
150	903
150	913
150	967
151	420
151	588
151	626
151	678
151	806
151	974
151	979
152	622
152	766
152	784
152	797
152	848
152	910
152	925
153	218
153	456
153	538
153	671
153	747
153	874
153	943
154	598
154	781
154	817
154	863
154	880
154	942
154	998
155	250
155	306
155	312
155	687
155	803
155	816
155	991
156	435
156	501
156	554
156	636
156	668
156	801
156	805
156	893
157	662
157	690
157	859
157	860
157	897
157	948
157	953
157	991
158	220
158	302
158	516
158	601
158	771
158	946
158	964
158	989
159	655
159	708
159	884
159	914
159	985
159	988
159	992
160	186
160	342
160	459
160	484
160	709
160	737
160	741
160	849
161	407
161	453
161	814
161	815
161	918
161	996
161	999
162	606
162	661
162	736
162	759
162	768
162	832
162	917
162	955
163	605
163	676
163	699
163	849
163	898
163	919
163	961
163	971
164	651
164	704
164	785
164	861
164	889
164	928
164	974
164	979
165	246
165	406
165	678
165	873
165	879
165	908
165	929
165	982
166	434
166	776
166	914
166	920
166	936
166	954
166	961
166	988
167	443
167	768
167	814
167	918
167	966
167	976
168	743
168	794
168	826
168	884
168	902
168	942
168	975
168	980
169	254
169	565
169	803
169	839
169	888
169	937
169	984
169	1000
170	266
170	628
170	760
170	761
170	766
170	797
170	910
170	925
171	715
171	841
171	847
171	899
171	963
171	987
171	990
171	993
172	275
172	701
172	787
172	839
172	906
172	963
172	984
172	1000
173	541
173	611
173	653
173	728
173	730
173	795
173	826
174	794
174	820
174	881
174	911
174	942
174	995
174	998
175	328
175	575
175	671
175	747
175	751
175	821
175	874
175	888
176	469
176	589
176	808
176	814
176	889
176	974
176	979
176	991
177	282
177	391
177	422
177	463
177	556
177	818
177	877
177	900
178	362
178	663
178	803
178	937
178	984
178	991
178	995
178	1000
179	504
179	630
179	732
179	767
179	786
179	825
179	886
179	957
180	327
180	385
180	571
180	851
180	938
180	987
180	990
180	993
181	380
181	404
181	787
181	930
181	962
181	965
181	968
181	993
182	230
182	673
182	721
182	931
182	962
182	965
182	968
183	626
183	744
183	772
183	777
183	924
183	934
183	973
183	997
184	667
184	686
184	892
184	896
184	909
184	922
184	987
184	990
185	539
185	679
185	735
185	822
185	840
185	898
185	919
185	971
186	486
186	516
186	820
186	948
186	956
186	969
186	978
187	303
187	397
187	553
187	695
187	747
187	874
187	903
188	444
188	580
188	640
188	776
188	871
188	878
188	932
188	949
189	274
189	416
189	829
189	921
189	940
189	945
189	981
189	985
190	211
190	378
190	573
190	926
190	955
190	956
190	967
191	324
191	377
191	463
191	474
191	513
191	679
191	877
191	900
192	610
192	750
192	752
192	849
192	860
192	898
192	904
192	971
193	557
193	675
193	683
193	782
193	802
193	913
193	915
193	967
194	583
194	891
194	954
194	977
194	984
194	986
194	995
195	628
195	744
195	909
195	926
195	927
195	939
195	957
195	959
196	363
196	589
196	661
196	679
196	857
196	890
196	900
197	263
197	467
197	675
197	686
197	903
197	913
197	915
197	967
198	214
198	393
198	665
198	739
198	842
198	850
198	852
198	973
199	576
199	719
199	863
199	920
199	958
199	961
199	988
199	991
200	855
200	934
200	944
200	950
200	970
200	983
200	999
201	771
201	796
201	803
201	861
201	864
201	935
201	989
202	227
202	285
202	720
202	784
202	820
202	848
202	882
202	978
203	560
203	660
203	677
203	777
203	823
203	924
203	973
204	472
204	507
204	792
204	810
204	889
204	928
204	974
204	979
205	274
205	443
205	528
205	572
205	774
205	875
205	879
205	982
206	339
206	369
206	611
206	728
206	730
206	795
206	826
206	882
207	602
207	872
207	931
207	946
207	958
207	960
207	962
207	968
208	553
208	718
208	747
208	874
208	877
208	936
209	653
209	698
209	815
209	915
209	933
209	983
209	999
210	446
210	672
210	773
210	863
210	962
210	988
211	384
211	462
211	583
211	643
211	928
211	974
211	979
212	450
212	520
212	625
212	890
212	946
213	504
213	614
213	660
213	786
213	825
213	886
213	967
214	510
214	700
214	754
214	772
214	777
214	809
214	939
215	610
215	712
215	836
215	850
215	858
215	888
215	909
215	947
216	511
216	855
216	933
216	934
216	950
216	972
216	983
216	996
217	322
217	525
217	813
217	855
217	901
217	950
217	983
218	553
218	671
218	677
218	751
218	874
218	891
218	903
219	547
219	757
219	800
219	817
219	955
219	966
220	583
220	626
220	783
220	928
220	974
220	979
221	533
221	775
221	807
221	846
221	869
221	945
221	981
221	985
222	581
222	615
222	867
222	883
222	940
222	945
222	981
222	985
223	471
223	864
223	880
223	881
223	902
223	963
223	975
223	998
224	479
224	496
224	717
224	897
224	954
224	977
224	989
224	995
225	517
225	678
225	750
225	774
225	875
225	944
225	982
225	992
226	722
226	725
226	772
226	821
226	848
226	852
226	989
226	997
227	341
227	424
227	459
227	852
227	948
227	956
228	314
228	566
228	821
228	873
228	909
228	929
228	944
228	982
229	310
229	457
229	811
229	852
229	966
229	976
230	653
230	789
230	934
230	950
230	999
231	341
231	507
231	611
231	653
231	728
231	795
231	826
231	995
232	492
232	633
232	728
232	838
232	920
232	958
232	988
232	992
233	460
233	559
233	636
233	706
233	805
233	893
233	913
233	964
234	412
234	510
234	560
234	823
234	973
234	996
234	997
234	998
235	393
235	640
235	657
235	844
235	871
235	904
235	932
236	463
236	505
236	642
236	781
236	879
236	929
236	944
236	982
237	258
237	356
237	379
237	450
237	458
237	476
237	857
237	890
238	604
238	635
238	767
238	804
238	951
238	954
238	986
238	995
239	604
239	632
239	811
239	951
239	977
239	995
240	380
240	567
240	580
240	659
240	738
240	871
240	878
240	994
241	360
241	710
241	737
241	827
241	892
241	924
241	997
242	632
242	782
242	815
242	897
242	952
242	977
242	986
242	995
243	303
243	621
243	677
243	751
243	874
243	983
244	621
244	724
244	749
244	822
244	831
244	864
244	933
244	943
245	710
245	883
245	921
245	940
245	945
245	969
245	981
245	985
246	658
246	678
246	774
246	860
246	879
246	982
247	736
247	877
247	893
247	895
247	908
247	910
247	911
248	779
248	896
248	899
248	948
248	963
248	990
248	993
249	731
249	733
249	758
249	794
249	921
249	956
249	981
249	985
250	273
250	788
250	801
250	859
250	880
250	991
251	299
251	574
251	802
251	903
251	915
251	967
252	551
252	731
252	733
252	755
252	783
252	883
252	940
252	945
253	444
253	783
253	836
253	895
253	938
253	987
253	990
253	993
254	417
254	519
254	719
254	769
254	860
254	885
254	905
255	449
255	482
255	726
255	752
255	856
255	969
255	972
256	268
256	674
256	854
256	897
256	933
256	952
256	991
256	999
257	595
257	615
257	809
257	883
257	940
257	945
257	977
257	985
258	313
258	613
258	743
258	781
258	857
258	890
259	792
259	813
259	901
259	938
259	983
259	996
259	999
260	354
260	436
260	559
260	786
260	895
260	926
260	941
260	957
261	461
261	529
261	792
261	813
261	880
261	983
261	996
261	999
262	335
262	480
262	514
262	680
262	722
262	778
262	799
263	520
263	811
263	886
263	916
263	918
263	923
263	966
264	574
264	797
264	802
264	879
264	913
264	915
264	967
265	273
265	553
265	664
265	741
265	776
265	841
265	948
265	978
266	514
266	535
266	722
266	742
266	778
266	799
267	268
267	645
267	703
267	788
267	801
267	859
267	954
267	991
268	552
268	690
268	897
268	953
268	957
268	991
269	349
269	802
269	840
269	843
269	903
269	913
269	915
269	967
269	976
270	595
270	773
270	833
270	861
270	907
270	943
270	946
270	964
270	989
271	528
271	541
271	702
271	705
271	790
271	791
271	907
271	909
271	984
272	550
272	587
272	640
272	652
272	719
272	871
272	921
272	932
273	755
273	859
273	911
273	953
273	977
273	978
273	998
274	875
274	879
274	897
274	929
274	936
274	944
274	982
275	582
275	596
275	700
275	712
275	839
275	909
275	937
275	1000
276	675
276	895
276	908
276	926
276	927
276	957
276	959
276	969
276	984
277	367
277	712
277	739
277	754
277	793
277	796
277	823
277	866
277	973
278	556
278	691
278	727
278	761
278	797
278	844
278	910
278	925
278	956
279	413
279	662
279	801
279	816
279	847
279	859
279	935
279	953
279	991
280	661
280	827
280	839
280	864
280	866
280	905
280	942
280	997
280	998
281	453
281	715
281	756
281	896
281	938
281	963
281	990
281	993
282	367
282	510
282	513
282	665
282	793
282	905
282	916
282	924
283	373
283	740
283	761
283	797
283	844
283	856
283	900
283	910
283	925
284	571
284	642
284	716
284	877
284	879
284	896
284	929
284	944
284	982
285	462
285	471
285	496
285	664
285	759
285	764
285	882
285	956
286	555
286	727
286	861
286	891
286	897
286	951
286	977
286	995
287	497
287	862
287	916
287	918
287	966
287	976
287	994
288	375
288	454
288	824
288	930
288	946
288	960
288	962
288	965
288	968
289	345
289	562
289	620
289	655
289	760
289	928
289	969
289	970
289	972
290	490
290	712
290	791
290	836
290	909
290	984
290	986
290	1000
291	503
291	584
291	603
291	713
291	859
291	953
291	991
291	996
292	351
292	716
292	734
292	768
292	819
292	907
292	935
292	946
292	989
293	359
293	364
293	768
293	861
293	907
293	935
293	962
293	964
293	989
294	311
294	325
294	464
294	590
294	696
294	816
294	953
294	991
295	621
295	640
295	652
295	719
295	846
295	878
295	932
295	942
295	949
296	471
296	498
296	651
296	747
296	755
296	883
296	945
296	981
296	985
297	563
297	580
297	635
297	742
297	767
297	799
297	940
298	387
298	478
298	699
298	725
298	739
298	924
298	955
298	973
298	997
299	440
299	632
299	782
299	802
299	903
299	915
299	967
299	972
300	304
300	354
300	733
300	780
300	801
300	829
300	940
300	981
300	985
301	305
301	735
301	860
301	898
301	904
301	907
301	919
301	950
302	729
302	892
302	963
302	971
302	987
302	990
302	993
303	308
303	345
303	718
303	751
303	874
303	961
304	646
304	710
304	731
304	835
304	865
304	917
304	970
304	972
305	317
305	399
305	511
305	668
305	829
305	853
305	860
306	406
306	451
306	637
306	662
306	788
306	922
306	953
306	991
307	349
307	646
307	924
307	936
307	943
307	961
307	969
307	972
308	547
308	553
308	629
308	671
308	718
308	751
308	874
309	374
309	614
309	653
309	692
309	795
309	798
309	826
309	837
309	869
310	471
310	737
310	806
310	825
310	828
310	853
310	956
310	978
311	532
311	788
311	789
311	801
311	816
311	843
311	876
311	991
312	356
312	585
312	707
312	713
312	756
312	953
312	991
313	333
313	346
313	477
313	520
313	836
313	857
313	890
314	658
314	765
314	879
314	929
314	944
314	965
314	982
314	998
315	776
315	805
315	824
315	843
315	880
315	894
315	975
315	980
315	998
316	534
316	642
316	855
316	873
316	875
316	929
316	944
316	953
316	986
317	503
317	786
317	840
317	849
317	898
317	904
317	974
318	607
318	781
318	817
318	822
318	880
318	975
318	980
318	998
319	409
319	876
319	892
319	896
319	922
319	938
319	963
319	987
320	458
320	591
320	628
320	672
320	863
320	873
320	914
320	988
320	992
321	480
321	522
321	758
321	769
321	788
321	807
321	885
321	905
321	974
322	621
322	640
322	652
322	654
322	657
322	719
322	932
322	976
323	376
323	469
323	589
323	656
323	773
323	783
323	805
323	974
323	979
324	556
324	629
324	877
324	900
324	953
324	987
325	353
325	421
325	534
325	584
325	873
325	879
325	929
325	982
326	378
326	413
326	489
326	682
326	897
326	952
326	954
326	977
326	995
327	669
327	791
327	896
327	899
327	922
327	953
327	963
327	990
328	397
328	497
328	538
328	718
328	747
328	787
328	874
329	414
329	627
329	768
329	896
329	923
329	963
329	987
329	990
329	993
330	353
330	493
330	539
330	673
330	676
330	840
330	898
330	950
330	971
331	487
331	506
331	548
331	634
331	647
331	885
331	904
331	905
332	528
332	719
332	773
332	785
332	889
332	928
332	974
332	978
332	979
333	368
333	450
333	857
333	890
333	912
333	963
333	978
334	348
334	394
334	511
334	853
334	898
334	904
334	919
334	971
334	972
335	395
335	481
335	535
335	599
335	742
335	767
335	853
335	978
336	874
336	899
336	938
336	963
336	969
336	984
336	987
336	993
337	362
337	791
337	834
337	844
337	909
337	937
337	947
337	957
337	1000
338	805
338	824
338	870
338	931
338	960
338	965
338	968
338	998
339	429
339	488
339	519
339	548
339	807
339	866
339	905
339	983
340	415
340	534
340	627
340	668
340	694
340	706
340	805
340	893
340	960
341	501
341	542
341	728
341	730
341	826
341	865
342	550
342	580
342	621
342	654
342	719
342	781
342	814
342	932
343	691
343	707
343	761
343	844
343	910
343	921
343	925
343	963
343	974
344	377
344	400
344	607
344	679
344	706
344	877
344	900
344	912
344	928
345	646
345	655
345	869
345	918
345	969
345	970
345	972
346	497
346	681
346	732
346	895
346	927
346	941
346	957
346	959
347	633
347	685
347	770
347	771
347	819
347	946
347	964
347	969
347	989
348	625
348	702
348	716
348	735
348	853
348	912
348	971
348	998
349	574
349	716
349	791
349	903
349	913
349	915
349	967
350	433
350	656
350	810
350	841
350	889
350	928
350	974
350	979
351	492
351	659
351	892
351	898
351	899
351	922
351	987
351	990
352	528
352	753
352	850
352	888
352	889
352	909
352	947
352	962
352	984
353	426
353	572
353	875
353	944
353	960
353	982
354	651
354	812
354	854
354	868
354	908
354	952
354	959
355	419
355	648
355	666
355	749
355	768
355	771
355	907
355	935
355	964
356	585
356	788
356	801
356	816
356	930
356	968
356	991
357	508
357	521
357	550
357	657
357	738
357	771
357	878
357	932
357	997
358	523
358	562
358	898
358	933
358	934
358	950
358	983
358	996
358	999
359	379
359	477
359	613
359	656
359	857
359	890
359	1000
360	440
360	703
360	782
360	802
360	889
360	903
360	915
360	967
360	980
361	829
361	835
361	856
361	865
361	916
361	917
361	935
361	936
361	970
362	502
362	712
362	881
362	909
362	930
362	947
363	521
363	580
363	657
363	659
363	871
363	932
363	986
363	987
363	995
364	513
364	686
364	872
364	930
364	931
364	960
364	962
364	965
364	968
365	486
365	703
365	782
365	802
365	817
365	903
365	913
365	919
365	967
365	975
366	569
366	738
366	824
366	870
366	872
366	960
366	962
366	965
366	968
366	998
367	384
367	533
367	608
367	754
367	816
367	924
367	973
367	997
368	379
368	403
368	450
368	458
368	775
368	855
368	857
368	890
368	911
369	403
369	501
369	611
369	614
369	721
369	730
369	751
369	795
369	826
370	706
370	710
370	724
370	821
370	827
370	842
370	852
370	893
370	973
370	997
371	521
371	652
371	654
371	685
371	738
371	820
371	871
371	878
371	930
371	932
372	461
372	623
372	683
372	809
372	909
372	916
372	923
372	966
372	976
372	994
373	567
373	637
373	657
373	725
373	744
373	793
373	827
373	973
373	997
374	501
374	611
374	644
374	653
374	730
374	795
374	826
374	972
375	596
375	612
375	658
375	678
375	688
375	873
375	944
375	985
376	486
376	618
376	809
376	814
376	851
376	862
376	966
376	976
376	994
377	391
377	422
377	604
377	650
377	670
377	877
377	900
378	736
378	748
378	757
378	887
378	949
378	955
378	980
379	458
379	613
379	783
379	857
379	890
379	930
379	990
380	550
380	593
380	654
380	719
380	738
380	835
380	878
380	932
381	695
381	794
381	843
381	902
381	911
381	958
381	975
381	980
381	988
381	998
382	487
382	519
382	522
382	769
382	802
382	807
382	866
382	885
382	887
382	938
383	500
383	504
383	551
383	630
383	660
383	741
383	786
383	886
383	899
384	560
384	821
384	823
384	842
384	905
384	919
384	997
385	492
385	683
385	749
385	756
385	828
385	893
385	922
385	987
385	990
386	502
386	559
386	574
386	636
386	645
386	668
386	694
386	805
386	871
386	893
387	567
387	706
387	739
387	754
387	772
387	847
387	966
387	973
387	997
388	808
388	834
388	880
388	886
388	894
388	902
388	942
388	975
388	980
388	998
389	459
389	808
389	862
389	918
389	923
389	942
389	976
389	982
389	994
390	701
390	705
390	715
390	766
390	790
390	836
390	947
390	984
390	1000
391	411
391	556
391	650
391	679
391	858
391	877
391	900
391	998
392	711
392	774
392	870
392	910
392	930
392	931
392	960
392	962
392	968
393	425
393	749
393	835
393	869
393	917
393	970
393	972
394	454
394	576
394	588
394	724
394	752
394	831
394	865
394	936
394	970
395	535
395	581
395	722
395	742
395	767
395	778
395	799
395	803
395	856
396	503
396	630
396	660
396	786
396	825
396	875
396	886
397	654
397	671
397	718
397	747
397	907
397	982
398	651
398	733
398	755
398	837
398	883
398	921
398	936
398	940
398	981
398	991
399	445
399	676
399	732
399	740
399	844
399	851
399	860
399	919
399	971
400	475
400	678
400	679
400	782
400	798
400	877
400	900
401	539
401	597
401	840
401	849
401	853
401	860
401	919
401	928
401	971
401	992
402	682
402	686
402	768
402	891
402	897
402	934
402	952
402	954
402	985
403	450
403	458
403	477
403	520
403	644
403	857
403	890
403	925
404	415
404	427
404	442
404	559
404	645
404	668
404	694
404	734
404	893
405	495
405	815
405	933
405	934
405	950
405	956
405	958
405	983
405	996
405	999
406	593
406	662
406	801
406	912
406	950
406	953
406	991
407	530
407	610
407	698
407	819
407	855
407	933
407	951
407	996
407	999
408	412
408	608
408	679
408	781
408	942
408	975
408	980
408	998
409	577
409	727
409	729
409	879
409	936
409	938
409	963
409	987
409	990
410	605
410	660
410	817
410	881
410	894
410	911
410	950
410	980
410	994
410	998
411	531
411	568
411	640
411	717
411	736
411	832
411	887
411	949
411	995
412	434
412	665
412	667
412	754
412	772
412	777
412	821
412	848
413	530
413	662
413	788
413	798
413	816
413	953
413	991
414	539
414	566
414	599
414	892
414	899
414	963
414	971
414	987
414	990
415	495
415	518
415	636
415	706
415	783
415	805
415	893
415	897
416	423
416	693
416	741
416	818
416	828
416	913
416	948
416	956
416	978
417	429
417	455
417	510
417	647
417	807
417	866
417	885
417	905
417	915
418	423
418	649
418	804
418	848
418	876
418	893
418	951
418	977
418	986
418	995
419	697
419	734
419	839
419	864
419	924
419	935
419	946
419	964
419	989
420	589
420	773
420	785
420	790
420	889
420	928
420	937
420	953
420	974
421	471
421	484
421	709
421	828
421	880
421	882
421	910
421	956
422	600
422	607
422	679
422	693
422	877
422	895
422	900
423	762
423	763
423	789
423	933
423	950
423	983
423	996
423	999
424	522
424	524
424	558
424	562
424	759
424	899
424	949
424	955
425	726
425	773
425	779
425	969
425	970
425	972
425	988
425	995
426	658
426	692
426	698
426	774
426	873
426	879
426	929
426	932
426	982
427	481
427	599
427	630
427	635
427	722
427	767
427	778
427	799
427	955
428	481
428	482
428	508
428	514
428	535
428	680
428	722
428	728
428	778
428	997
429	431
429	769
429	802
429	866
429	885
429	900
429	905
429	942
430	568
430	618
430	661
430	693
430	759
430	800
430	887
430	955
430	957
431	548
431	769
431	807
431	812
431	826
431	866
431	885
431	905
431	929
432	457
432	753
432	914
432	939
432	958
432	961
432	964
432	988
432	992
433	531
433	569
433	682
433	804
433	891
433	917
433	951
433	977
433	986
433	995
434	446
434	646
434	672
434	890
434	958
434	961
434	988
434	992
435	442
435	485
435	495
435	529
435	627
435	645
435	668
435	685
435	706
435	711
436	464
436	720
436	812
436	831
436	891
436	927
436	939
436	941
436	957
436	959
437	538
437	619
437	667
437	713
437	776
437	863
437	884
437	920
437	961
437	988
438	626
438	656
438	749
438	783
438	785
438	810
438	928
438	974
438	979
438	992
439	490
439	580
439	644
439	692
439	814
439	850
439	911
439	916
439	918
439	976
439	994
440	441
440	466
440	486
440	782
440	903
440	913
440	915
440	967
440	995
441	607
441	629
441	679
441	774
441	798
441	858
441	877
441	900
441	932
442	559
442	645
442	694
442	697
442	706
442	727
442	793
442	893
442	977
443	583
443	811
443	862
443	916
443	918
443	923
443	934
443	966
443	976
444	669
444	777
444	851
444	899
444	922
444	963
444	989
444	990
444	993
445	472
445	570
445	585
445	699
445	840
445	849
445	870
445	898
445	904
445	971
446	633
446	751
446	838
446	851
446	923
446	958
446	992
447	485
447	491
447	755
447	810
447	883
447	921
447	940
447	945
447	981
447	985
447	988
448	583
448	683
448	709
448	756
448	892
448	896
448	963
448	990
448	993
449	619
449	676
449	750
449	849
449	853
449	870
449	904
449	919
449	971
449	976
450	511
450	810
450	857
450	890
450	981
451	743
451	876
451	880
451	881
451	892
451	902
451	942
451	980
451	990
451	998
452	481
452	683
452	722
452	870
452	872
452	930
452	931
452	960
452	962
452	965
452	968
453	578
453	789
453	813
453	933
453	934
453	950
453	980
453	996
453	999
454	523
454	856
454	865
454	869
454	943
454	953
454	970
454	983
455	575
455	705
455	803
455	834
455	839
455	850
455	909
455	984
455	1000
456	700
456	820
456	823
456	960
456	965
456	973
456	976
456	994
456	996
456	999
457	576
457	595
457	628
457	700
457	723
457	830
457	884
457	961
457	979
458	520
458	653
458	857
459	597
459	616
459	753
459	818
459	882
459	896
459	948
459	978
460	495
460	628
460	645
460	668
460	706
460	805
460	836
460	893
461	465
461	671
461	792
461	815
461	855
461	901
461	940
461	996
461	999
462	533
462	586
462	709
462	741
462	812
462	818
462	948
462	967
462	978
463	476
463	629
463	679
463	858
463	877
463	900
464	585
464	603
464	662
464	744
464	745
464	801
464	816
464	912
464	991
465	547
465	566
465	763
465	764
465	809
465	813
465	843
465	933
465	983
465	999
466	724
466	843
466	863
466	881
466	894
466	902
466	911
466	975
466	980
467	491
467	743
467	802
467	808
467	837
467	849
467	903
467	913
467	915
467	967
468	723
468	743
468	762
468	780
468	843
468	880
468	881
468	894
468	950
468	975
468	998
469	588
469	643
469	762
469	889
469	928
469	974
469	979
469	985
470	639
470	822
470	831
470	833
470	856
470	917
470	933
470	936
470	964
470	969
470	970
471	546
471	616
471	741
471	933
471	956
471	978
472	762
472	843
472	881
472	894
472	911
472	947
472	975
472	980
472	998
473	562
473	606
473	670
473	717
473	757
473	832
473	887
473	906
473	955
473	999
474	689
474	804
474	843
474	891
474	897
474	951
474	954
474	977
474	986
474	995
475	600
475	707
475	740
475	766
475	784
475	797
475	910
475	915
475	925
475	976
476	785
476	792
476	813
476	901
476	933
476	950
476	983
476	996
476	999
477	613
477	667
477	857
477	890
477	947
477	989
477	1000
478	564
478	634
478	691
478	761
478	766
478	784
478	788
478	910
478	925
478	959
479	543
479	818
479	822
479	891
479	897
479	951
479	952
479	954
479	986
479	995
480	506
480	594
480	657
480	795
480	807
480	820
480	866
480	885
480	905
481	599
481	626
481	635
481	722
481	767
481	778
482	500
482	551
482	561
482	630
482	759
482	786
482	845
482	886
483	654
483	657
483	659
483	723
483	738
483	861
483	871
483	878
483	932
483	949
483	978
484	544
484	750
484	791
484	806
484	828
484	882
484	948
484	971
484	978
485	591
485	687
485	731
485	746
485	805
485	883
485	940
485	981
485	985
486	540
486	703
486	825
486	903
486	913
486	915
486	967
487	519
487	522
487	647
487	684
487	807
487	859
487	866
487	885
487	905
487	968
488	570
488	809
488	811
488	814
488	823
488	852
488	885
488	923
488	966
488	976
488	994
489	666
489	686
489	724
489	864
489	897
489	952
489	954
489	977
489	986
489	995
490	537
490	808
490	809
490	814
490	815
490	917
490	923
490	959
490	994
491	540
491	574
491	589
491	675
491	703
491	829
491	913
491	915
491	944
491	967
492	648
492	729
492	896
492	917
492	938
492	952
492	963
492	987
492	993
493	503
493	664
493	676
493	715
493	750
493	840
493	853
493	904
493	919
493	971
493	994
494	673
494	824
494	870
494	907
494	925
494	930
494	960
494	962
494	965
494	968
494	969
495	559
495	636
495	694
495	706
495	805
495	893
496	498
496	673
496	688
496	855
496	951
496	952
496	977
496	986
496	995
497	521
497	734
497	760
497	868
497	895
497	908
497	941
497	957
497	959
498	575
498	812
498	813
498	868
498	899
498	926
498	927
498	941
498	957
498	959
499	516
499	691
499	736
499	805
499	808
499	811
499	851
499	862
499	916
499	918
499	966
499	994
500	590
500	630
500	731
500	772
500	786
500	825
500	859
500	886
500	989
501	596
501	653
501	728
501	730
501	795
501	826
501	960
502	663
502	699
502	702
502	791
502	850
502	888
502	984
502	994
502	1000
503	609
503	735
503	750
503	856
503	860
503	898
503	912
503	971
504	551
504	660
504	788
504	825
504	886
504	903
504	951
505	644
505	810
505	851
505	862
505	874
505	916
505	918
505	966
505	987
505	994
506	519
506	548
506	579
506	625
506	769
506	807
506	866
506	885
506	905
506	936
507	610
507	764
507	789
507	813
507	884
507	933
507	934
507	983
507	996
507	999
508	584
508	680
508	722
508	742
508	767
508	778
508	785
508	799
508	997
509	512
509	526
509	619
509	800
509	835
509	842
509	926
509	939
509	941
509	957
509	959
510	567
510	650
510	697
510	700
510	852
510	872
510	914
510	964
511	716
511	840
511	849
511	860
511	919
511	971
511	993
512	603
512	765
512	812
512	854
512	868
512	895
512	927
512	939
512	941
513	710
513	739
513	740
513	744
513	848
513	858
513	950
513	997
514	599
514	635
514	680
514	763
514	767
514	778
514	799
514	810
515	787
515	870
515	872
515	930
515	931
515	933
515	941
515	960
515	962
515	965
515	968
516	693
516	718
516	806
516	818
516	828
516	841
516	882
516	956
516	978
517	522
517	565
517	593
517	658
517	873
517	875
517	879
517	912
517	929
517	944
517	982
518	557
518	607
518	684
518	770
518	833
518	834
518	864
518	907
518	932
518	964
518	989
519	807
519	885
519	905
519	922
519	966
520	613
520	857
520	890
520	917
520	984
521	568
521	640
521	659
521	719
521	811
521	878
521	932
522	594
522	597
522	807
522	866
522	885
522	905
523	726
523	831
523	835
523	840
523	856
523	867
523	943
523	969
523	972
524	562
524	606
524	625
524	702
524	757
524	783
524	800
524	832
524	887
524	955
525	663
525	687
525	690
525	733
525	755
525	775
525	829
525	883
525	940
525	945
525	985
526	622
526	638
526	685
526	854
526	868
526	927
526	939
526	943
526	945
526	957
526	987
527	554
527	648
527	721
527	753
527	791
527	834
527	841
527	909
527	934
527	937
527	984
527	1000
528	705
528	753
528	803
528	890
528	937
528	947
528	984
528	1000
529	680
529	734
529	796
529	833
529	864
529	907
529	935
529	946
529	964
529	989
530	536
530	552
530	603
530	801
530	875
530	903
530	953
530	969
530	991
531	562
531	565
531	568
531	606
531	618
531	671
531	800
531	823
531	887
531	949
531	955
532	756
532	765
532	892
532	896
532	899
532	922
532	929
532	938
532	943
532	963
532	987
532	990
533	616
533	708
533	798
533	820
533	841
533	948
533	956
533	978
533	998
534	572
534	596
534	612
534	642
534	678
534	860
534	875
534	879
534	982
535	630
535	635
535	742
535	767
535	778
535	799
535	800
535	932
535	973
536	576
536	593
536	650
536	662
536	690
536	713
536	788
536	795
536	801
536	893
536	953
536	991
537	546
537	570
537	625
537	692
537	798
537	809
537	814
537	862
537	916
537	923
537	966
537	989
538	632
538	677
538	682
538	747
538	751
538	758
538	874
539	714
539	750
539	843
539	853
539	898
539	904
539	919
539	971
539	998
540	588
540	675
540	703
540	782
540	901
540	903
540	913
540	915
540	967
541	545
541	770
541	833
541	861
541	864
541	872
541	924
541	935
541	946
541	964
541	989
542	587
542	611
542	614
542	653
542	708
542	728
542	730
542	736
542	795
542	815
542	823
542	826
543	698
543	734
543	815
543	836
543	855
543	933
543	934
543	950
543	983
543	984
543	996
543	999
544	570
544	579
544	709
544	806
544	815
544	819
544	820
544	828
544	841
544	858
544	935
544	948
545	674
545	720
545	768
545	770
545	819
545	868
545	907
545	920
545	935
545	946
545	964
545	989
546	612
546	664
546	689
546	693
546	737
546	771
546	820
546	828
546	841
546	936
546	978
547	558
547	565
547	568
547	717
547	736
547	749
547	757
547	804
547	832
547	887
548	647
548	687
548	769
548	807
548	815
548	866
548	905
548	927
548	960
549	609
549	611
549	638
549	720
549	895
549	908
549	926
549	941
549	957
549	959
549	960
550	613
550	657
550	738
550	847
550	878
550	932
550	949
551	561
551	590
551	759
551	786
551	825
551	856
551	886
551	957
551	988
552	588
552	662
552	670
552	696
552	788
552	801
552	816
552	953
552	991
553	671
553	677
553	718
553	751
553	874
553	905
553	965
553	974
554	587
554	663
554	701
554	803
554	828
554	850
554	906
554	909
554	947
554	984
555	566
555	649
555	657
555	688
555	728
555	804
555	952
555	954
555	977
555	986
555	995
556	607
556	679
556	798
556	834
556	877
556	900
556	978
557	771
557	796
557	811
557	819
557	833
557	913
557	916
557	935
557	946
557	964
557	989
558	586
558	606
558	661
558	717
558	733
558	756
558	832
558	887
558	955
558	965
559	694
559	704
559	719
559	739
559	805
559	893
560	583
560	607
560	631
560	710
560	725
560	842
560	852
560	899
560	961
560	997
561	590
561	660
561	732
561	786
561	880
561	884
561	886
561	975
562	736
562	800
562	832
562	862
562	887
562	949
562	955
563	627
563	633
563	672
563	798
563	863
563	884
563	914
563	958
563	961
563	987
563	988
563	992
564	748
564	870
564	872
564	930
564	931
564	954
564	960
564	962
564	965
564	968
565	606
565	661
565	757
565	832
565	887
565	949
565	955
566	593
566	669
566	715
566	864
566	899
566	938
566	963
566	990
566	993
567	647
567	739
567	793
567	823
567	827
567	869
567	924
567	973
567	984
568	666
568	717
568	736
568	832
568	861
568	887
568	955
568	996
569	604
569	682
569	686
569	804
569	817
569	908
569	952
569	954
569	971
569	977
569	986
570	617
570	784
570	808
570	809
570	916
570	976
570	977
570	994
571	612
571	658
571	774
571	873
571	875
571	906
571	925
571	929
571	944
571	982
571	989
572	597
572	678
572	774
572	786
572	850
572	873
572	875
572	929
572	944
572	982
573	598
573	742
573	779
573	822
573	865
573	921
573	936
573	943
573	969
573	970
573	986
574	745
574	782
574	802
574	902
574	913
574	915
574	967
574	972
575	721
575	854
575	895
575	908
575	926
575	927
575	939
575	941
575	942
575	959
576	612
576	723
576	848
576	863
576	884
576	958
576	961
576	992
577	715
577	729
577	890
577	892
577	896
577	922
577	923
577	938
577	963
577	978
577	990
577	993
578	638
578	685
578	695
578	854
578	908
578	923
578	927
578	939
578	941
578	952
578	959
578	973
579	636
579	720
579	806
579	820
579	828
579	882
579	940
579	948
579	956
579	978
580	654
580	871
580	878
580	932
580	949
580	986
580	997
581	601
581	685
581	695
581	880
581	908
581	926
581	927
581	939
581	941
581	959
582	720
582	748
582	787
582	824
582	870
582	930
582	931
582	960
582	962
582	965
582	968
583	643
583	656
583	773
583	783
583	785
583	810
583	928
583	979
584	603
584	690
584	696
584	713
584	794
584	801
584	816
584	859
584	919
584	953
584	991
585	681
585	711
585	713
585	788
585	816
585	912
585	953
585	991
586	689
586	693
586	697
586	741
586	805
586	818
586	841
586	857
586	882
586	948
586	956
586	978
587	615
587	624
587	730
587	826
587	866
587	885
587	905
587	913
587	964
587	967
588	589
588	704
588	773
588	783
588	889
588	928
588	939
588	974
588	979
589	704
589	773
589	840
589	928
589	973
589	974
589	979
590	630
590	660
590	712
590	786
590	825
590	832
590	879
590	886
590	1000
591	595
591	651
591	730
591	758
591	766
591	829
591	846
591	896
591	940
591	945
591	981
591	985
592	743
592	752
592	762
592	763
592	781
592	817
592	823
592	832
592	843
592	894
592	942
592	975
592	980
592	998
593	865
593	892
593	896
593	959
593	970
593	972
593	987
593	991
594	614
594	724
594	728
594	729
594	769
594	826
594	840
594	849
594	898
594	919
594	929
594	938
595	619
595	628
595	708
595	838
595	847
595	863
595	958
595	964
595	988
596	612
596	642
596	793
596	873
596	875
596	896
596	929
596	944
596	982
596	995
597	741
597	806
597	818
597	828
597	841
597	865
597	882
597	948
597	978
598	724
598	748
598	752
598	779
598	856
598	867
598	903
598	943
598	969
598	970
598	972
598	984
599	630
599	680
599	717
599	722
599	741
599	742
599	767
599	799
599	991
600	639
600	691
600	727
600	732
600	740
600	784
600	797
600	844
600	854
600	910
600	925
600	954
601	684
601	813
601	819
601	861
601	907
601	935
601	940
601	945
601	946
601	964
601	989
602	789
602	815
602	855
602	882
602	891
602	894
602	901
602	908
602	933
602	934
602	950
602	983
602	996
603	690
603	696
603	788
603	793
603	859
603	876
603	948
603	949
603	953
604	649
604	848
604	865
604	891
604	951
604	954
604	977
604	986
604	988
604	995
605	741
605	743
605	817
605	835
605	880
605	881
605	894
605	902
605	911
605	975
605	998
606	704
606	709
606	759
606	791
606	800
606	939
606	955
607	629
607	679
607	714
607	858
607	877
607	900
608	715
608	729
608	834
608	896
608	899
608	922
608	938
608	961
608	963
608	987
608	990
608	993
609	712
609	721
609	772
609	791
609	836
609	906
609	909
609	937
609	947
609	984
609	1000
610	752
610	768
610	829
610	855
610	901
610	933
610	950
610	983
610	996
610	999
611	614
611	684
611	691
611	728
611	795
611	826
612	774
612	929
612	944
612	948
612	973
612	982
613	757
613	772
613	857
613	870
613	890
613	930
614	653
614	716
614	728
614	795
614	798
614	804
614	826
614	934
615	731
615	750
615	755
615	771
615	775
615	780
615	846
615	883
615	884
615	921
615	945
615	981
616	737
616	762
616	786
616	806
616	818
616	946
616	948
616	956
616	978
616	995
617	627
617	644
617	807
617	808
617	811
617	851
617	916
617	918
617	923
617	959
617	962
617	972
617	994
618	717
618	736
618	757
618	800
618	811
618	887
618	889
618	955
618	990
619	708
619	723
619	745
619	838
619	847
619	884
619	914
619	920
619	971
619	979
619	992
620	765
620	809
620	822
620	855
620	865
620	867
620	869
620	936
620	943
620	969
620	970
620	997
621	659
621	719
621	738
621	750
621	808
621	837
621	871
621	878
621	932
621	951
622	665
622	764
622	789
622	813
622	815
622	901
622	933
622	934
622	950
622	983
622	987
622	996
622	999
623	675
623	680
623	811
623	814
623	851
623	918
623	923
623	966
623	976
623	987
623	994
624	682
624	686
624	804
624	868
624	891
624	900
624	951
624	952
624	954
624	976
624	977
624	986
624	995
625	808
625	811
625	814
625	851
625	862
625	923
625	966
625	976
625	981
625	994
626	704
626	773
626	783
626	785
626	873
626	887
626	889
626	928
626	974
626	979
627	686
627	694
627	787
627	893
627	918
627	923
627	949
627	951
627	976
627	995
628	746
628	804
628	911
628	914
628	920
628	988
628	992
629	731
629	798
629	858
629	877
629	900
629	901
629	902
630	660
630	825
630	886
630	892
630	910
631	646
631	684
631	710
631	733
631	739
631	777
631	823
631	827
631	843
631	848
631	858
631	924
631	973
631	997
632	666
632	688
632	689
632	698
632	891
632	918
632	951
632	954
632	977
632	986
632	995
633	745
633	751
633	830
633	847
633	914
633	920
633	945
633	958
633	968
633	988
633	992
634	649
634	691
634	707
634	727
634	736
634	740
634	766
634	784
634	802
634	844
634	910
634	925
634	981
635	680
635	714
635	722
635	742
635	772
635	778
635	799
635	900
635	929
636	645
636	694
636	706
636	733
636	805
636	853
636	893
637	731
637	755
637	780
637	829
637	883
637	921
637	937
637	940
637	945
637	955
637	981
637	985
638	720
638	760
638	837
638	857
638	858
638	868
638	870
638	895
638	927
638	941
638	959
639	691
639	707
639	727
639	740
639	754
639	761
639	766
639	784
639	844
639	893
639	910
639	925
639	971
640	652
640	659
640	871
640	875
640	878
640	932
640	938
641	702
641	726
641	753
641	780
641	826
641	834
641	836
641	906
641	909
641	937
641	947
641	984
641	996
641	1000
642	774
642	787
642	816
642	850
642	855
642	875
642	879
642	929
642	944
642	982
643	656
643	705
643	785
643	810
643	889
643	928
643	954
643	974
643	978
643	979
643	995
643	1000
644	778
644	862
644	873
644	916
644	923
644	966
644	976
644	993
644	994
645	668
645	694
645	789
645	805
645	893
645	909
645	951
645	1000
646	752
646	765
646	865
646	866
646	936
646	943
646	970
646	974
647	666
647	697
647	769
647	807
647	866
647	885
647	905
647	922
648	684
648	734
648	833
648	845
648	861
648	879
648	907
648	935
648	946
648	964
648	989
649	842
649	891
649	897
649	951
649	952
649	954
649	955
649	966
649	977
649	986
649	995
650	665
650	793
650	823
650	827
650	842
650	848
650	852
650	906
650	924
650	973
650	991
650	997
651	733
651	755
651	758
651	775
651	829
651	894
651	921
651	945
651	959
651	981
651	985
652	654
652	657
652	659
652	719
652	746
652	764
652	871
652	886
652	932
652	997
653	728
653	730
653	795
653	826
653	833
654	657
654	671
654	738
654	871
654	878
654	901
654	932
655	658
655	724
655	738
655	749
655	779
655	831
655	856
655	909
655	935
655	936
655	969
655	972
656	672
656	704
656	783
656	803
656	810
656	889
656	928
656	974
656	979
657	871
657	878
657	894
657	932
658	676
658	709
658	875
658	929
658	941
658	944
658	982
659	718
659	738
659	792
659	837
659	866
659	871
659	878
659	996
660	663
660	786
660	825
660	886
660	936
660	970
661	689
661	716
661	717
661	800
661	832
661	887
661	945
661	955
662	801
662	832
662	875
662	879
662	912
662	922
662	991
663	701
663	732
663	791
663	803
663	850
663	906
663	931
663	937
663	947
663	1000
664	693
664	760
664	798
664	818
664	820
664	828
664	830
664	866
664	882
664	948
664	978
664	982
665	697
665	722
665	735
665	754
665	777
665	779
665	821
665	905
665	924
665	973
665	997
666	682
666	804
666	891
666	897
666	917
666	926
666	951
666	952
666	954
666	986
666	995
667	681
667	745
667	830
667	838
667	847
667	947
667	958
667	961
667	988
667	992
668	706
668	769
668	805
668	893
668	914
668	918
668	968
669	725
669	756
669	775
669	809
669	896
669	899
669	938
669	963
669	987
669	990
669	993
670	742
670	768
670	771
670	796
670	819
670	833
670	864
670	907
670	935
670	946
670	948
670	964
670	989
670	999
671	677
671	718
671	733
671	747
671	751
671	874
671	919
672	681
672	757
672	807
672	863
672	883
672	884
672	890
672	920
672	961
672	992
673	748
673	787
673	824
673	872
673	930
673	931
673	960
673	962
673	965
673	968
673	983
674	711
674	787
674	790
674	813
674	824
674	837
674	870
674	872
674	930
674	931
674	960
674	962
674	965
674	968
675	703
675	782
675	802
675	868
675	903
675	913
675	915
675	967
675	990
675	993
676	714
676	750
676	784
676	824
676	840
676	849
676	853
676	883
676	898
676	922
676	971
677	718
677	740
677	747
677	751
677	874
677	938
677	963
677	1000
678	770
678	773
678	873
678	875
678	929
678	944
678	982
679	767
679	818
679	900
679	965
680	722
680	742
680	767
680	778
680	799
680	810
680	878
680	999
681	745
681	746
681	776
681	838
681	863
681	881
681	914
681	920
681	946
681	961
681	988
682	703
682	804
682	889
682	944
682	951
682	952
682	954
682	964
682	986
682	995
683	715
683	729
683	756
683	892
683	922
683	938
683	963
683	987
683	993
684	796
684	819
684	833
684	864
684	907
684	926
684	935
684	946
684	964
684	989
684	1000
685	808
685	854
685	868
685	908
685	926
685	927
685	939
685	957
685	959
686	874
686	897
686	951
686	952
686	954
686	977
686	986
686	995
687	758
687	775
687	780
687	829
687	846
687	883
687	900
687	921
687	940
687	968
687	977
687	981
687	985
688	850
688	876
688	891
688	897
688	927
688	951
688	952
688	954
688	976
688	977
688	986
688	995
689	693
689	737
689	741
689	818
689	820
689	822
689	841
689	873
689	882
689	948
689	956
689	978
690	713
690	781
690	788
690	801
690	816
690	859
690	882
690	953
691	761
691	766
691	784
691	844
691	860
691	861
691	925
691	949
692	737
692	811
692	851
692	900
692	916
692	918
692	966
692	967
692	969
692	976
693	709
693	820
693	828
693	841
693	879
693	907
693	948
693	956
693	978
694	706
694	797
694	805
694	846
694	893
694	919
694	934
694	985
695	760
695	799
695	811
695	812
695	868
695	895
695	908
695	926
695	927
695	939
695	941
695	957
695	995
696	713
696	767
696	788
696	816
696	841
696	859
696	864
696	901
696	912
696	953
696	991
697	744
697	754
697	777
697	821
697	823
697	842
697	848
697	924
697	973
697	983
697	989
697	997
698	763
698	764
698	815
698	855
698	859
698	893
698	933
698	936
698	950
698	983
698	996
698	999
699	714
699	716
699	735
699	750
699	837
699	840
699	849
699	860
699	898
699	904
699	912
699	922
699	971
699	992
700	739
700	754
700	771
700	823
700	827
700	848
700	895
700	923
700	924
700	973
700	997
701	710
701	790
701	791
701	814
701	834
701	836
701	850
701	875
701	888
701	898
701	906
701	915
701	937
701	1000
702	712
702	725
702	836
702	839
702	847
702	850
702	888
702	906
702	937
702	944
702	947
702	984
702	1000
703	782
703	871
703	903
703	905
703	915
703	933
704	747
704	783
704	785
704	810
704	889
704	891
704	928
704	974
704	979
705	718
705	753
705	755
705	790
705	806
705	834
705	836
705	888
705	937
705	947
705	976
705	984
705	1000
706	805
706	893
706	939
707	727
707	761
707	784
707	797
707	893
707	910
707	925
707	947
707	949
707	980
707	990
707	999
708	745
708	750
708	830
708	847
708	863
708	920
708	934
708	938
708	958
708	961
708	988
709	737
709	741
709	806
709	820
709	882
709	947
709	948
709	956
709	978
709	992
710	739
710	744
710	754
710	835
710	842
710	852
710	858
710	897
710	931
711	748
711	787
711	851
711	870
711	872
711	882
711	930
711	931
711	952
711	960
711	962
711	965
711	968
712	721
712	756
712	790
712	871
712	888
712	906
712	949
712	984
712	991
712	1000
713	788
713	816
713	851
713	859
713	884
713	902
713	914
713	953
713	967
713	991
714	716
714	735
714	750
714	783
714	849
714	853
714	860
714	898
714	919
714	969
714	971
715	729
715	739
715	833
715	892
715	899
715	915
715	922
715	935
715	987
715	990
715	993
716	735
716	750
716	849
716	860
716	898
716	904
716	912
716	919
716	971
716	976
717	736
717	757
717	800
717	827
717	832
717	860
717	876
717	887
717	955
718	747
718	751
718	824
718	874
718	915
718	937
719	738
719	862
719	871
719	878
719	932
719	949
719	957
720	760
720	796
720	812
720	868
720	908
720	926
720	927
720	939
720	941
720	957
720	959
721	753
721	781
721	790
721	836
721	850
721	881
721	888
721	906
721	937
721	945
721	947
721	984
721	1000
722	742
722	767
722	790
722	799
722	858
723	737
723	745
723	746
723	806
723	830
723	847
723	863
723	884
723	932
723	958
723	960
723	961
723	988
723	992
724	749
724	765
724	835
724	845
724	867
724	869
724	965
724	969
724	970
724	972
725	732
725	777
725	793
725	821
725	827
725	848
725	852
725	924
725	970
725	973
725	993
725	996
725	997
726	752
726	784
726	799
726	822
726	831
726	845
726	865
726	867
726	874
726	878
726	917
726	936
726	943
726	969
726	972
727	766
727	776
727	784
727	797
727	844
727	857
727	910
727	925
727	940
727	949
728	730
728	795
728	801
728	826
728	923
728	932
729	785
729	802
729	860
729	883
729	896
729	899
729	922
729	938
729	987
729	990
729	993
730	736
730	768
730	769
730	791
730	795
730	798
730	826
730	920
731	758
731	775
731	809
731	829
731	840
731	846
731	921
731	940
731	945
731	967
731	981
731	985
732	825
732	830
732	841
732	845
732	849
732	860
732	865
732	886
732	904
732	919
732	936
732	969
732	972
733	758
733	775
733	829
733	846
733	887
733	921
733	940
733	981
733	985
733	987
734	770
734	790
734	796
734	817
734	819
734	833
734	861
734	907
734	935
734	946
734	964
734	989
735	750
735	761
735	853
735	860
735	903
735	904
735	912
735	937
735	946
735	971
735	998
736	757
736	800
736	832
736	887
736	949
736	955
737	806
737	818
737	820
737	828
737	841
737	882
737	885
737	956
737	978
737	979
738	804
738	837
738	871
738	878
738	914
738	932
738	990
739	754
739	772
739	782
739	793
739	821
739	834
739	862
739	924
739	994
740	761
740	766
740	784
740	797
740	831
740	844
740	857
740	910
740	925
740	971
741	820
741	828
741	882
741	888
741	948
741	954
741	956
741	993
742	755
742	767
742	778
742	799
742	949
742	950
743	762
743	794
743	880
743	894
743	902
743	910
743	911
743	942
743	972
743	975
743	980
743	998
743	1000
744	772
744	777
744	823
744	842
744	848
744	914
744	924
744	944
744	973
744	997
744	1000
745	761
745	776
745	838
745	847
745	853
745	914
745	919
745	983
745	988
745	992
746	776
746	830
746	847
746	863
746	914
746	929
746	949
746	958
746	961
746	992
747	751
747	819
747	820
747	843
747	874
747	993
748	787
748	824
748	854
748	868
748	870
748	872
748	930
748	931
748	960
748	962
748	965
748	968
748	997
749	752
749	779
749	780
749	822
749	835
749	931
749	936
749	943
749	969
749	970
749	972
750	849
750	853
750	856
750	904
750	919
750	971
751	773
751	803
751	874
751	916
752	759
752	765
752	785
752	790
752	822
752	835
752	856
752	867
752	869
752	917
752	943
752	969
753	818
753	825
753	834
753	839
753	850
753	888
753	909
753	930
753	947
753	974
753	984
753	1000
754	777
754	778
754	793
754	798
754	823
754	825
754	852
754	903
754	907
754	973
755	780
755	846
755	918
755	921
755	940
755	945
755	959
755	981
755	985
756	762
756	874
756	878
756	892
756	896
756	899
756	922
756	938
756	963
756	987
756	990
756	993
757	800
757	806
757	871
757	887
757	949
757	952
757	955
757	975
758	780
758	797
758	829
758	846
758	871
758	872
758	883
758	921
758	940
758	945
758	981
758	985
759	768
759	786
759	825
759	839
759	864
759	886
759	898
759	907
759	920
759	955
759	964
759	982
759	989
760	851
760	854
760	880
760	895
760	908
760	914
760	926
760	927
760	939
760	941
760	957
760	968
761	766
761	784
761	797
761	816
761	828
761	910
761	925
761	942
762	779
762	781
762	817
762	843
762	880
762	881
762	894
762	942
762	968
762	975
762	980
762	994
762	998
763	789
763	792
763	813
763	849
763	855
763	901
763	915
763	933
763	934
763	950
763	961
763	990
763	995
763	996
763	999
764	785
764	789
764	803
764	813
764	815
764	855
764	901
764	934
764	950
764	960
764	971
764	999
765	770
765	779
765	835
765	845
765	869
765	936
765	943
765	957
765	961
765	965
765	969
765	972
766	797
766	844
766	852
766	875
766	910
766	925
766	938
766	949
766	968
767	778
767	799
767	894
767	981
768	770
768	819
768	833
768	864
768	907
768	935
768	946
768	964
768	989
769	807
769	827
769	866
769	885
769	905
769	952
769	955
769	999
770	771
770	796
770	800
770	833
770	861
770	864
770	907
770	922
770	933
770	935
770	946
770	953
770	964
770	989
771	796
771	819
771	848
771	861
771	864
771	933
771	935
771	946
771	964
771	989
771	999
772	793
772	821
772	827
772	842
772	852
772	913
772	924
772	943
772	973
772	997
773	783
773	785
773	810
773	829
773	889
773	928
773	974
773	979
773	990
774	830
774	873
774	875
774	879
774	929
774	944
774	960
775	780
775	829
775	846
775	917
775	919
775	921
775	940
775	943
775	945
775	979
775	981
775	985
776	789
776	830
776	838
776	840
776	863
776	884
776	914
776	958
776	961
776	966
776	988
776	992
777	800
777	823
777	827
777	848
777	885
777	918
777	924
777	952
777	957
777	997
778	799
778	825
778	887
778	906
778	952
778	978
779	806
779	822
779	831
779	845
779	856
779	857
779	867
779	917
779	936
779	941
779	943
779	970
779	988
780	800
780	846
780	921
780	940
780	945
780	954
780	961
780	975
780	981
780	985
781	794
781	817
781	843
781	876
781	881
781	892
781	902
781	911
781	942
781	975
781	980
781	998
782	799
782	802
782	903
782	913
782	915
782	925
782	967
782	991
783	810
783	828
783	928
783	974
783	979
784	797
784	844
784	910
784	914
784	925
784	945
784	999
785	810
785	889
785	894
785	928
785	974
785	979
785	988
786	825
786	886
786	929
786	1000
787	824
787	842
787	845
787	870
787	872
787	930
787	931
787	960
787	962
787	965
787	968
787	978
788	799
788	859
788	905
788	924
788	953
788	976
788	991
789	792
789	845
789	847
789	862
789	901
789	923
789	934
789	950
789	983
789	996
789	999
790	791
790	834
790	836
790	850
790	888
790	906
790	926
790	937
790	947
790	981
790	984
790	1000
791	834
791	836
791	839
791	906
791	947
791	958
791	980
791	984
791	1000
792	815
792	855
792	867
792	901
792	933
792	934
792	935
792	950
792	958
792	980
792	983
792	990
792	996
792	999
793	823
793	848
793	870
793	882
793	906
793	924
793	968
793	973
793	997
794	814
794	817
794	837
794	867
794	876
794	880
794	894
794	902
794	911
794	923
794	942
794	975
794	977
794	980
794	983
794	998
795	798
795	812
795	826
795	863
795	893
795	897
795	996
796	833
796	861
796	864
796	887
796	907
796	935
796	946
796	948
796	964
796	971
796	987
796	989
797	844
797	869
797	910
797	921
797	925
797	932
797	973
798	818
798	860
798	877
798	892
798	900
798	902
798	948
798	966
798	978
799	904
799	925
799	996
800	831
800	832
800	887
800	955
801	831
801	859
801	926
801	943
801	953
801	959
801	991
802	837
802	855
802	903
802	911
802	913
802	920
802	967
803	834
803	839
803	850
803	888
803	906
803	909
803	924
803	937
803	947
803	984
803	1000
804	891
804	897
804	939
804	952
804	954
804	977
804	986
804	992
804	995
805	893
805	901
805	967
806	818
806	820
806	825
806	841
806	858
806	881
806	948
806	956
806	978
806	982
807	866
807	885
807	905
807	979
807	989
807	994
808	809
808	811
808	814
808	862
808	918
808	919
808	966
808	976
809	811
809	814
809	851
809	862
809	918
809	923
809	966
809	970
809	972
809	976
809	994
810	852
810	928
810	974
810	979
810	992
811	916
811	918
811	923
811	966
811	972
811	976
811	987
812	834
812	844
812	868
812	895
812	908
812	912
812	917
812	926
812	927
812	939
812	941
812	957
812	959
812	974
812	992
813	815
813	847
813	859
813	867
813	901
813	933
813	950
813	983
813	996
813	999
814	851
814	862
814	873
814	916
814	918
814	946
814	966
814	980
814	994
815	855
815	883
815	901
815	934
815	950
815	952
815	996
815	999
816	859
816	873
816	876
816	950
816	953
816	967
816	987
816	991
817	837
817	843
817	876
817	880
817	881
817	894
817	902
817	942
817	952
817	972
817	975
817	977
817	980
818	828
818	841
818	882
818	912
818	931
818	948
818	956
818	978
819	861
819	864
819	885
819	907
819	920
819	935
819	938
819	946
819	960
819	964
819	989
820	828
820	882
820	948
820	956
820	978
820	1000
821	823
821	842
821	848
821	852
821	858
821	859
821	888
821	889
821	924
821	963
821	973
821	997
822	831
822	835
822	845
822	856
822	865
822	917
822	922
822	936
822	963
822	969
822	970
822	972
823	826
823	842
823	852
823	987
823	997
824	837
824	856
824	870
824	872
824	921
824	930
824	931
824	937
824	958
824	960
824	962
824	965
824	968
825	886
826	925
826	938
826	976
826	994
827	842
827	848
827	852
827	858
827	904
827	973
827	990
827	993
827	997
828	838
828	841
828	877
828	911
828	948
828	956
828	971
829	846
829	883
829	885
829	921
829	940
829	945
829	969
829	981
829	985
830	838
830	841
830	847
830	876
830	899
830	914
830	920
830	958
830	961
830	964
830	988
831	835
831	867
831	869
831	878
831	899
831	917
831	936
831	943
831	969
831	970
831	972
831	976
832	844
832	866
832	877
832	887
832	889
832	949
832	955
833	860
833	864
833	907
833	927
833	935
833	939
833	946
833	964
833	980
833	989
834	836
834	839
834	850
834	888
834	906
834	909
834	926
834	937
834	973
834	984
835	865
835	869
835	876
835	917
835	936
835	941
835	943
835	953
835	969
835	970
835	972
836	839
836	883
836	906
836	909
836	916
836	937
836	940
836	947
836	970
836	1000
837	862
837	871
837	872
837	878
837	911
837	931
837	932
837	942
837	946
837	962
837	968
837	975
837	980
838	847
838	852
838	862
838	863
838	884
838	902
838	914
838	920
838	934
838	958
838	977
838	992
839	850
839	865
839	876
839	886
839	888
839	906
839	909
839	931
839	937
839	984
839	1000
840	853
840	860
840	889
840	898
840	904
840	912
840	919
840	949
840	971
840	987
841	858
841	863
841	882
841	948
841	956
841	962
841	978
842	848
842	852
842	862
842	886
842	924
842	957
842	962
842	973
842	992
843	881
843	894
843	902
843	911
843	942
843	975
843	980
843	998
844	872
844	910
844	925
844	949
844	971
845	856
845	865
845	867
845	869
845	898
845	917
845	930
845	936
845	943
845	966
845	969
845	970
845	972
846	879
846	883
846	886
846	889
846	921
846	936
846	940
846	945
846	981
846	985
846	997
847	858
847	863
847	870
847	884
847	914
847	920
847	958
847	961
847	988
847	992
848	852
848	882
848	895
848	924
848	973
848	997
849	853
849	898
849	904
849	915
849	919
849	929
849	971
849	983
850	906
850	937
850	940
850	947
850	960
850	984
850	998
850	1000
851	862
851	916
851	923
851	924
851	966
851	994
852	951
852	973
852	997
853	860
853	898
853	904
853	908
853	912
853	935
853	954
853	971
854	868
854	885
854	895
854	908
854	912
854	926
854	927
854	939
854	941
854	956
854	957
854	959
855	878
855	933
855	934
855	945
855	950
855	983
855	996
855	999
856	865
856	867
856	869
856	893
856	895
856	917
856	933
856	936
856	943
856	972
857	890
857	940
857	973
858	864
858	877
858	882
858	900
858	905
858	907
858	956
858	978
858	983
858	997
859	870
859	876
859	930
859	953
859	991
860	898
860	904
860	919
860	971
861	864
861	907
861	908
861	914
861	935
861	946
861	958
861	964
861	989
862	916
862	918
862	976
862	991
862	994
863	906
863	914
863	920
863	958
863	970
863	988
863	992
864	907
864	935
864	940
864	946
864	964
864	986
864	989
865	867
865	869
865	895
865	911
865	917
865	936
865	943
865	946
865	954
865	972
866	869
866	885
866	905
866	933
866	934
867	869
867	917
867	926
867	936
867	943
867	961
867	969
867	970
867	972
867	978
867	993
867	999
868	895
868	908
868	912
868	926
868	927
868	934
868	939
868	941
868	957
868	959
868	960
868	962
869	902
869	917
869	939
869	943
869	963
869	969
869	970
869	972
869	979
870	872
870	930
870	931
870	944
870	960
870	962
870	965
870	968
870	974
871	877
871	878
871	932
871	949
871	955
871	963
872	887
872	909
872	912
872	930
872	931
872	960
872	962
872	965
872	968
873	875
873	879
873	880
873	914
873	926
873	929
873	944
873	982
874	921
874	970
874	981
875	879
875	944
875	953
875	961
875	982
875	994
876	878
876	891
876	897
876	931
876	942
876	953
876	954
876	977
876	980
876	984
876	986
876	991
876	998
877	900
877	901
877	903
877	904
877	955
878	932
878	949
878	951
878	962
879	898
879	929
879	944
879	982
879	998
880	881
880	886
880	894
880	902
880	911
880	942
880	975
880	980
880	998
881	894
881	902
881	911
881	932
881	942
881	947
881	966
881	975
881	980
881	991
881	996
881	998
882	901
882	910
882	932
882	948
882	956
882	978
883	892
883	911
883	915
883	921
883	939
883	940
883	945
883	981
883	985
884	914
884	916
884	920
884	937
884	958
884	961
884	969
884	979
884	988
884	992
885	905
885	971
885	982
886	968
886	984
887	921
887	955
887	996
888	889
888	891
888	906
888	909
888	912
888	937
888	939
888	947
888	984
888	999
888	1000
889	928
889	974
889	979
889	990
890	922
890	928
890	944
890	947
891	897
891	927
891	945
891	951
891	952
891	954
891	977
891	981
891	986
891	995
892	896
892	899
892	921
892	922
892	938
892	963
892	977
892	987
892	990
892	993
893	983
894	902
894	911
894	942
894	943
894	945
894	964
894	975
894	996
894	998
895	906
895	912
895	926
895	927
895	939
895	941
895	957
895	959
895	963
895	988
896	899
896	901
896	902
896	938
896	941
896	963
896	981
896	987
896	990
896	993
897	920
897	951
897	952
897	961
897	977
897	986
897	991
897	995
898	904
898	911
898	919
898	971
898	975
899	922
899	948
899	963
899	987
899	990
899	993
899	994
899	999
900	908
900	980
900	981
900	997
901	933
901	934
901	950
901	951
901	983
901	985
901	999
902	909
902	911
902	928
902	941
902	942
902	975
902	980
902	998
903	913
903	925
903	967
903	997
904	919
904	926
904	934
904	971
904	983
905	947
905	962
905	972
906	937
906	947
906	955
906	966
906	979
906	984
906	1000
907	944
907	946
907	956
907	964
907	989
908	926
908	927
908	939
908	941
908	957
908	959
908	967
908	977
908	986
908	997
909	917
909	920
909	937
909	947
909	984
909	1000
910	918
910	925
910	949
910	991
910	993
910	994
911	938
911	942
911	975
911	980
911	998
912	926
912	941
912	953
912	959
912	971
912	973
912	985
912	991
913	915
913	933
913	953
913	957
913	967
913	980
913	989
914	924
914	958
914	961
914	988
914	992
915	967
915	994
916	918
916	923
916	944
916	959
916	966
916	976
916	983
916	991
916	994
917	936
917	943
917	957
917	970
917	972
917	993
918	923
918	975
918	976
918	994
919	929
919	969
919	971
919	972
920	923
920	942
920	958
920	961
920	968
920	988
920	992
921	929
921	940
921	945
921	959
921	978
921	981
921	985
922	926
922	938
922	963
922	987
922	990
922	993
923	927
923	966
923	976
923	994
924	942
924	973
924	981
924	986
924	997
925	941
925	949
925	988
925	995
926	927
926	939
926	941
926	956
926	957
926	959
926	970
927	928
927	930
927	939
927	941
927	957
927	959
927	965
927	986
928	944
928	962
928	970
928	974
928	979
928	992
929	944
929	982
929	992
929	1000
930	931
930	932
930	960
930	962
930	965
930	968
930	988
931	942
931	960
931	962
931	965
931	968
931	977
931	985
931	993
931	999
932	949
932	956
933	950
933	983
933	996
933	999
934	950
934	983
934	996
934	999
935	946
935	948
935	964
935	967
935	989
935	999
936	943
936	969
936	970
936	972
936	998
937	947
937	951
937	955
937	959
937	984
937	985
937	1000
938	949
938	963
938	987
938	993
939	941
939	957
939	959
939	965
940	945
940	953
940	977
940	981
940	985
941	957
941	959
941	980
942	950
942	975
942	980
942	997
942	998
943	969
943	970
943	972
943	992
944	967
944	982
945	963
945	974
945	981
945	985
945	990
946	948
946	949
946	964
946	989
947	949
947	972
947	984
947	997
947	1000
948	952
948	954
948	956
948	978
949	985
949	986
950	981
950	983
950	985
950	996
951	952
951	954
951	977
951	978
951	986
951	988
951	995
951	1000
952	954
952	977
952	979
952	986
952	995
953	991
954	977
954	984
954	986
954	995
955	973
955	974
956	958
956	978
956	984
956	992
957	959
957	996
958	961
958	974
958	984
958	988
958	992
959	991
960	962
960	965
960	968
960	986
961	988
961	992
962	963
962	965
962	968
963	990
963	993
964	966
964	975
964	989
965	968
965	984
965	985
965	999
966	976
966	994
967	981
967	995
969	972
969	975
970	972
970	988
970	990
971	980
973	974
973	976
973	982
973	995
973	997
974	979
975	980
975	981
975	982
975	998
976	985
976	994
977	986
977	995
979	982
979	985
979	993
980	998
981	985
982	997
982	1000
983	988
983	996
983	999
984	1000
986	990
986	993
986	995
987	989
987	990
987	993
988	992
990	993
996	998
996	999