1	133
1	200
1	450
1	594
1	964
1	982
1	984
2	118
2	464
2	600
2	603
2	695
2	749
2	827
3	267
3	714
3	727
3	790
3	810
3	912
3	988
4	112
4	271
4	403
4	787
4	905
4	930
4	964
5	597
5	629
5	706
5	781
5	938
5	963
5	991
6	16
6	94
6	523
6	823
6	844
6	874
6	924
7	15
7	686
7	827
7	921
7	922
7	927
7	977
8	495
8	525
8	550
8	916
8	944
8	953
8	960
9	269
9	886
9	896
9	950
9	971
9	973
9	994
10	302
10	605
10	610
10	818
10	933
10	947
10	991
11	621
11	630
11	809
11	935
11	951
11	993
11	997
12	358
12	663
12	727
12	848
12	917
12	953
12	999
13	51
13	639
13	694
13	798
13	918
13	988
13	995
14	464
14	610
14	891
14	931
14	936
14	969
14	989
15	91
15	367
15	770
15	812
15	847
15	977
16	147
16	726
16	776
16	889
16	954
16	956
17	74
17	320
17	420
17	616
17	719
17	946
17	990
18	348
18	450
18	533
18	761
18	762
18	875
18	946
19	338
19	709
19	768
19	895
19	935
19	957
19	982
20	23
20	183
20	470
20	660
20	750
20	830
20	987
21	256
21	465
21	470
21	880
21	885
21	933
21	958
22	119
22	438
22	518
22	568
22	724
22	730
22	911
23	219
23	780
23	866
23	973
23	994
23	996
24	598
24	599
24	726
24	762
24	972
24	975
24	978
25	817
25	855
25	893
25	907
25	911
25	920
25	972
26	408
26	469
26	514
26	747
26	847
26	928
26	986
27	252
27	254
27	431
27	502
27	659
27	740
27	849
28	516
28	573
28	668
28	878
28	894
28	896
28	960
29	390
29	569
29	729
29	801
29	920
29	966
29	985
30	254
30	298
30	686
30	772
30	837
30	992
30	993
31	403
31	652
31	697
31	928
31	938
31	947
31	949
32	335
32	515
32	599
32	689
32	797
32	825
32	969
33	739
33	781
33	803
33	877
33	881
33	889
33	908
34	311
34	746
34	748
34	769
34	871
34	976
34	996
35	432
35	688
35	768
35	906
35	920
35	950
35	954
36	228
36	705
36	805
36	915
36	975
36	987
36	997
37	561
37	715
37	919
37	920
37	944
37	974
37	990
38	524
38	549
38	776
38	792
38	914
38	956
38	960
39	566
39	873
39	904
39	925
39	971
39	994
39	995
40	139
40	203
40	404
40	448
40	749
40	946
40	981
41	214
41	595
41	807
41	839
41	912
41	922
41	997
42	48
42	323
42	575
42	833
42	882
42	910
42	945
43	104
43	178
43	786
43	848
43	860
43	917
43	953
44	529
44	741
44	831
44	834
44	855
44	891
44	992
45	361
45	676
45	680
45	856
45	899
45	956
45	980
46	112
46	588
46	934
46	942
46	956
46	961
46	988
47	463
47	618
47	789
47	830
47	983
47	990
47	999
48	162
48	246
48	812
48	847
48	921
48	977
49	531
49	707
49	820
49	829
49	860
49	943
49	966
50	231
50	418
50	536
50	955
50	962
50	983
50	999
51	500
51	920
51	931
51	955
51	985
51	988
52	128
52	474
52	696
52	717
52	822
52	828
52	989
53	519
53	866
53	881
53	904
53	928
53	985
53	994
54	338
54	415
54	569
54	582
54	583
54	937
54	982
55	487
55	663
55	906
55	950
55	954
55	976
55	987
56	447
56	785
56	857
56	879
56	895
56	957
56	982
57	210
57	664
57	716
57	750
57	862
57	872
57	987
58	549
58	727
58	758
58	868
58	947
58	963
58	991
59	81
59	683
59	731
59	732
59	841
59	844
59	914
60	85
60	148
60	216
60	769
60	809
60	887
60	972
61	304
61	483
61	620
61	763
61	815
61	843
61	942
62	314
62	549
62	561
62	886
62	925
62	973
62	994
63	575
63	737
63	799
63	831
63	902
63	958
63	967
64	200
64	512
64	835
64	879
64	942
64	957
64	982
65	550
65	591
65	615
65	882
65	884
65	918
65	960
66	261
66	323
66	687
66	845
66	946
66	968
66	979
67	642
67	773
67	783
67	793
67	955
67	998
67	999
68	396
68	464
68	554
68	619
68	678
68	687
68	945
69	169
69	629
69	761
69	832
69	859
69	938
69	991
70	662
70	683
70	818
70	974
70	977
70	980
70	984
71	355
71	383
71	600
71	934
71	942
71	952
71	961
72	162
72	329
72	407
72	716
72	872
72	898
72	926
73	267
73	825
73	901
73	907
73	940
73	982
73	988
74	758
74	809
74	887
74	907
74	972
74	977
75	243
75	474
75	609
75	645
75	782
75	826
75	986
76	478
76	836
76	869
76	919
76	953
76	993
76	997
77	618
77	693
77	803
77	928
77	955
77	983
77	999
78	602
78	842
78	844
78	874
78	952
78	956
78	980
79	410
79	779
79	812
79	866
79	921
79	977
79	991
80	137
80	386
80	931
80	939
80	969
80	989
80	1000
81	319
81	805
81	842
81	870
81	935
81	987
82	130
82	168
82	564
82	585
82	596
82	725
82	984
83	365
83	685
83	789
83	884
83	892
83	942
83	943
84	227
84	313
84	671
84	695
84	732
84	958
84	981
85	606
85	639
85	786
85	854
85	893
85	998
86	223
86	667
86	835
86	960
86	971
86	973
86	994
87	198
87	269
87	426
87	921
87	929
87	959
87	997
88	334
88	389
88	453
88	621
88	896
88	924
88	960
89	201
89	534
89	747
89	782
89	848
89	851
89	987
90	553
90	617
90	670
90	746
90	960
90	976
90	993
91	669
91	726
91	904
91	971
91	973
91	994
92	483
92	670
92	745
92	768
92	773
92	964
92	984
93	118
93	697
93	743
93	817
93	831
93	841
93	958
94	442
94	588
94	735
94	787
94	926
94	984
95	180
95	269
95	513
95	857
95	895
95	937
95	982
96	301
96	440
96	604
96	616
96	947
96	949
96	991
97	252
97	609
97	616
97	762
97	821
97	849
97	995
98	232
98	285
98	941
98	983
98	990
98	996
98	999
99	287
99	642
99	738
99	872
99	898
99	945
99	971
100	286
100	412
100	664
100	791
100	937
100	962
100	986
101	288
101	455
101	767
101	828
101	877
101	945
101	948
102	264
102	406
102	536
102	671
102	965
102	983
102	992
103	418
103	445
103	721
103	726
103	832
103	996
103	1000
104	176
104	639
104	753
104	918
104	923
104	943
105	332
105	357
105	513
105	824
105	909
105	918
105	969
106	658
106	774
106	866
106	938
106	965
106	973
106	994
107	124
107	775
107	919
107	935
107	942
107	959
107	997
108	128
108	320
108	528
108	577
108	594
108	769
108	863
109	343
109	582
109	736
109	822
109	836
109	917
109	948
110	673
110	694
110	721
110	775
110	788
110	882
110	977
111	636
111	637
111	703
111	936
111	937
111	958
111	970
112	271
112	596
112	635
112	898
112	964
113	451
113	689
113	692
113	748
113	766
113	799
113	999
114	727
114	797
114	851
114	940
114	974
114	988
114	991
115	257
115	322
115	547
115	733
115	867
115	920
115	985
116	295
116	824
116	864
116	888
116	950
116	954
116	969
117	224
117	535
117	724
117	807
117	875
117	922
117	970
118	197
118	817
118	940
118	970
118	981
119	664
119	679
119	770
119	915
119	987
119	1000
120	521
120	568
120	656
120	851
120	894
120	907
120	1000
121	382
121	429
121	494
121	751
121	833
121	838
121	905
122	389
122	453
122	525
122	594
122	606
122	666
122	983
123	257
123	268
123	288
123	300
123	522
123	718
123	945
124	379
124	500
124	587
124	694
124	993
124	997
125	688
125	710
125	868
125	936
125	939
125	981
125	989
126	544
126	709
126	783
126	814
126	867
126	955
126	999
127	456
127	819
127	843
127	934
127	942
127	959
127	961
128	327
128	808
128	858
128	894
128	948
129	505
129	519
129	792
129	904
129	925
129	973
129	994
130	245
130	725
130	869
130	959
130	964
130	984
131	600
131	613
131	744
131	858
131	885
131	934
131	958
132	579
132	901
132	931
132	936
132	943
132	969
132	989
133	156
133	833
133	838
133	850
133	905
133	989
134	181
134	492
134	812
134	901
134	919
134	929
134	993
135	735
135	759
135	810
135	865
135	904
135	926
135	991
136	161
136	777
136	784
136	821
136	911
136	923
136	998
137	267
137	668
137	936
137	949
137	969
137	989
138	396
138	481
138	619
138	696
138	882
138	898
138	927
139	689
139	866
139	938
139	947
139	949
139	963
140	420
140	796
140	856
140	886
140	901
140	940
140	988
141	508
141	746
141	759
141	820
141	933
141	938
141	991
142	516
142	638
142	659
142	893
142	907
142	920
142	972
143	430
143	449
143	578
143	687
143	699
143	912
143	979
144	416
144	435
144	644
144	695
144	735
144	742
144	966
145	437
145	459
145	834
145	855
145	891
145	972
145	983
146	242
146	453
146	744
146	780
146	958
146	967
146	981
147	566
147	647
147	787
147	795
147	847
147	984
148	540
148	636
148	686
148	765
148	925
148	971
149	287
149	436
149	673
149	770
149	830
149	921
149	977
150	591
150	709
150	859
150	916
150	964
150	968
150	979
151	440
151	453
151	727
151	865
151	965
151	992
151	1000
152	283
152	477
152	710
152	802
152	839
152	875
152	987
153	463
153	861
153	888
153	950
153	954
153	958
153	1000
154	219
154	737
154	768
154	944
154	950
154	954
154	1000
155	349
155	375
155	661
155	760
155	771
155	855
155	978
156	493
156	588
156	929
156	930
156	993
156	997
157	489
157	777
157	797
157	799
157	806
157	837
157	957
158	265
158	445
158	507
158	840
158	930
158	935
158	959
159	400
159	457
159	664
159	844
159	879
159	937
159	982
160	280
160	350
160	567
160	859
160	902
160	912
160	968
160	979
161	406
161	646
161	692
161	785
161	831
161	967
161	998
162	345
162	802
162	875
162	880
162	968
162	1000
163	656
163	713
163	732
163	738
163	813
163	884
163	900
163	980
164	363
164	632
164	640
164	783
164	894
164	994
164	996
164	1000
165	287
165	385
165	820
165	829
165	867
165	892
165	903
165	943
166	392
166	580
166	756
166	839
166	867
166	965
166	992
166	1000
167	170
167	682
167	819
167	886
167	971
167	973
167	984
167	994
168	325
168	475
168	596
168	680
168	926
168	957
168	984
169	545
169	753
169	780
169	835
169	886
169	925
169	994
170	234
170	646
170	892
170	903
170	938
170	995
170	998
171	299
171	507
171	853
171	878
171	927
171	929
171	962
171	995
172	243
172	393
172	604
172	622
172	740
172	913
172	956
172	986
173	439
173	618
173	644
173	719
173	933
173	947
173	963
173	991
174	345
174	406
174	499
174	530
174	616
174	849
174	854
174	957
175	274
175	465
175	912
175	915
175	924
175	943
175	968
175	979
176	201
176	209
176	225
176	247
176	869
176	913
176	966
177	187
177	575
177	577
177	586
177	756
177	757
177	808
177	905
178	340
178	711
178	722
178	866
178	874
178	925
178	971
179	346
179	529
179	688
179	701
179	813
179	887
179	971
179	975
180	583
180	791
180	803
180	879
180	937
180	982
180	992
181	745
181	827
181	929
181	930
181	935
181	959
181	994
182	475
182	505
182	576
182	878
182	927
182	945
182	953
182	962
183	251
183	444
183	565
183	614
183	728
183	771
183	987
184	443
184	469
184	625
184	799
184	804
184	869
184	913
184	986
185	252
185	259
185	519
185	677
185	735
185	849
185	946
185	966
186	543
186	815
186	847
186	892
186	932
186	934
186	961
186	979
187	335
187	456
187	471
187	590
187	599
187	838
187	905
188	389
188	677
188	684
188	722
188	782
188	869
188	913
188	986
189	306
189	448
189	530
189	732
189	780
189	813
189	884
189	900
190	681
190	731
190	750
190	862
190	872
190	891
190	898
190	900
191	393
191	423
191	434
191	571
191	576
191	635
191	913
191	986
192	399
192	490
192	551
192	657
192	718
192	918
192	958
192	995
193	444
193	676
193	854
193	882
193	892
193	903
193	995
193	998
194	226
194	476
194	518
194	656
194	839
194	875
194	888
194	922
195	769
195	848
195	858
195	867
195	887
195	907
195	922
195	972
196	253
196	316
196	543
196	691
196	807
196	839
196	875
196	922
197	347
197	411
197	706
197	741
197	834
197	928
197	975
198	241
198	257
198	319
198	763
198	824
198	995
198	998
199	395
199	471
199	597
199	702
199	812
199	847
199	921
199	977
200	529
200	624
200	745
200	801
200	804
200	863
201	451
201	768
201	816
201	913
201	924
201	986
202	289
202	712
202	749
202	795
202	881
202	917
202	964
202	984
203	587
203	636
203	637
203	751
203	873
203	898
203	967
204	489
204	535
204	725
204	745
204	775
204	786
204	795
204	926
205	383
205	505
205	643
205	657
205	729
205	932
205	942
205	961
206	284
206	414
206	482
206	512
206	707
206	898
206	919
206	962
207	320
207	422
207	719
207	742
207	849
207	915
207	966
207	973
208	581
208	661
208	688
208	701
208	886
208	944
208	975
208	978
209	354
209	451
209	622
209	769
209	869
209	896
209	986
210	434
210	522
210	716
210	896
210	922
210	960
210	963
211	647
211	705
211	712
211	725
211	775
211	850
211	863
211	946
212	722
212	789
212	844
212	892
212	924
212	952
212	980
212	982
213	334
213	525
213	550
213	880
213	896
213	960
213	966
213	991
214	336
214	448
214	696
214	736
214	771
214	882
214	979
215	335
215	435
215	496
215	674
215	723
215	934
215	942
215	961
216	410
216	488
216	622
216	858
216	893
216	907
216	972
217	222
217	718
217	870
217	872
217	987
217	988
217	990
217	999
218	868
218	934
218	936
218	939
218	950
218	969
218	972
218	989
219	556
219	665
219	729
219	738
219	884
219	900
220	274
220	280
220	710
220	715
220	763
220	934
220	979
220	981
221	292
221	556
221	665
221	813
221	876
221	900
221	915
221	987
222	626
222	669
222	837
222	859
222	865
222	996
222	998
223	437
223	563
223	634
223	853
223	878
223	924
223	927
224	598
224	761
224	802
224	807
224	875
224	922
224	978
225	313
225	363
225	749
225	902
225	905
225	970
225	981
226	239
226	555
226	734
226	860
226	867
226	917
226	953
227	837
227	858
227	866
227	869
227	965
227	992
227	996
228	381
228	611
228	702
228	852
228	906
228	927
228	962
229	437
229	605
229	865
229	894
229	909
229	965
229	992
229	996
230	284
230	313
230	413
230	520
230	593
230	715
230	946
230	981
231	556
231	584
231	600
231	898
231	946
231	967
231	970
232	256
232	479
232	717
232	730
232	911
232	941
232	999
233	387
233	805
233	842
233	893
233	915
233	952
233	982
233	987
234	240
234	424
234	692
234	694
234	699
234	832
234	995
235	267
235	480
235	717
235	945
235	947
235	949
235	963
235	991
236	536
236	580
236	845
236	859
236	897
236	916
236	962
236	998
237	277
237	610
237	747
237	869
237	913
237	958
237	984
237	986
238	453
238	573
238	635
238	668
238	684
238	862
238	896
238	960
239	358
239	557
239	685
239	789
239	917
239	948
239	953
240	577
240	661
240	784
240	843
240	898
240	903
240	995
241	290
241	303
241	625
241	644
241	713
241	895
241	957
242	460
242	697
242	702
242	871
242	890
242	902
242	981
243	440
243	551
243	679
243	958
243	966
243	986
244	460
244	610
244	798
244	826
244	871
244	880
244	883
244	993
245	622
245	645
245	819
245	869
245	913
245	954
245	966
246	381
246	467
246	798
246	812
246	847
246	921
246	989
247	326
247	432
247	792
247	798
247	817
247	880
247	883
248	467
248	641
248	735
248	827
248	921
248	940
248	977
248	979
249	320
249	367
249	844
249	936
249	939
249	969
249	986
249	989
250	649
250	708
250	890
250	912
250	926
250	968
250	969
250	979
251	364
251	630
251	669
251	704
251	830
251	842
251	987
252	533
252	762
252	784
252	842
252	890
253	593
253	734
253	860
253	888
253	917
253	953
253	975
254	649
254	699
254	938
254	949
254	963
254	991
255	384
255	422
255	489
255	599
255	685
255	855
255	877
255	975
256	397
256	443
256	547
256	636
256	749
256	958
257	329
257	430
257	564
257	678
257	736
258	274
258	518
258	523
258	685
258	707
258	911
258	943
258	960
259	601
259	724
259	829
259	848
259	911
259	941
259	943
260	342
260	750
260	913
260	933
260	938
260	949
260	963
260	991
261	357
261	485
261	776
261	914
261	919
261	924
261	952
262	551
262	603
262	648
262	714
262	867
262	885
262	940
262	985
263	377
263	469
263	755
263	851
263	901
263	970
263	974
263	988
264	343
264	649
264	683
264	776
264	803
264	914
264	980
265	334
265	543
265	664
265	713
265	730
265	937
265	957
266	328
266	346
266	688
266	689
266	698
266	701
266	760
266	909
266	978
267	810
267	944
267	974
267	979
267	988
268	415
268	644
268	676
268	880
268	895
268	937
268	957
268	982
269	501
269	643
269	935
269	974
269	993
269	997
270	369
270	643
270	929
270	959
270	966
270	984
270	993
270	995
270	997
271	442
271	455
271	499
271	773
271	787
271	797
271	964
272	312
272	478
272	484
272	593
272	667
272	775
272	826
272	880
272	883
273	318
273	325
273	327
273	728
273	856
273	876
273	926
273	964
273	984
274	396
274	845
274	897
274	916
274	928
274	968
275	485
275	545
275	833
275	838
275	850
275	905
275	926
275	989
275	998
276	359
276	419
276	654
276	909
276	932
276	942
276	961
276	973
276	978
277	289
277	440
277	469
277	571
277	793
277	834
277	879
277	938
278	535
278	544
278	688
278	715
278	799
278	823
278	825
278	841
278	976
279	547
279	813
279	856
279	867
279	901
279	940
279	944
279	983
279	985
280	499
280	716
280	801
280	916
280	966
280	969
280	979
281	549
281	667
281	674
281	690
281	750
281	862
281	872
281	898
281	999
282	467
282	514
282	531
282	617
282	746
282	799
282	806
282	814
282	976
283	684
283	708
283	796
283	902
283	955
283	983
283	990
283	999
284	305
284	758
284	759
284	933
284	947
284	949
284	997
285	650
285	782
285	815
285	940
285	944
285	974
285	985
285	988
286	376
286	664
286	862
286	879
286	886
286	927
286	957
286	982
287	302
287	494
287	862
287	872
287	898
287	985
288	422
288	547
288	574
288	902
288	945
288	948
288	968
289	352
289	391
289	479
289	528
289	747
289	869
289	935
290	303
290	714
290	791
290	794
290	879
290	957
290	963
290	982
291	298
291	580
291	629
291	699
291	758
291	887
291	933
291	949
291	963
292	491
292	516
292	556
292	625
292	665
292	884
292	900
292	923
293	620
293	639
293	652
293	682
293	845
293	859
293	912
293	916
293	968
294	458
294	657
294	687
294	890
294	912
294	915
294	916
294	968
294	982
295	414
295	507
295	589
295	738
295	889
295	952
295	956
295	980
296	441
296	521
296	665
296	706
296	738
296	813
296	833
296	900
296	962
297	417
297	697
297	701
297	725
297	809
297	817
297	893
297	907
297	972
298	313
298	430
298	756
298	841
298	894
298	965
298	989
299	539
299	563
299	684
299	725
299	836
299	839
299	920
299	962
300	341
300	396
300	709
300	767
300	822
300	899
300	948
300	985
301	727
301	741
301	913
301	933
301	938
301	947
301	958
301	991
302	507
302	642
302	674
302	862
302	872
302	894
302	898
303	765
303	780
303	784
303	819
303	971
303	973
303	994
304	758
304	759
304	761
304	834
304	923
304	930
304	933
304	963
305	378
305	548
305	609
305	656
305	710
305	875
305	922
305	997
306	435
306	441
306	706
306	813
306	884
306	900
306	907
306	928
307	615
307	686
307	806
307	819
307	866
307	904
307	934
307	977
307	994
308	425
308	428
308	652
308	657
308	800
308	803
308	874
308	914
308	939
309	327
309	592
309	709
309	710
309	744
309	897
309	912
309	949
309	977
310	421
310	764
310	780
310	795
310	809
310	843
310	858
310	887
310	972
311	328
311	571
311	711
311	811
311	910
311	976
311	979
311	986
312	332
312	373
312	385
312	412
312	643
312	919
312	936
312	959
313	720
313	871
313	967
313	981
313	986
314	428
314	707
314	730
314	820
314	829
314	911
314	943
314	975
315	645
315	768
315	834
315	864
315	888
315	906
315	911
315	950
315	954
316	778
316	786
316	848
316	860
316	866
316	917
316	953
316	980
317	533
317	638
317	769
317	809
317	887
317	895
317	896
317	907
317	972
318	369
318	601
318	671
318	756
318	865
318	894
318	933
318	971
319	415
319	671
319	740
319	821
319	935
319	995
319	998
320	502
320	533
320	659
320	719
320	988
321	375
321	659
321	726
321	752
321	760
321	794
321	855
321	932
321	975
322	407
322	590
322	674
322	681
322	718
322	862
322	872
322	898
323	515
323	623
323	767
323	788
323	824
323	945
323	957
324	371
324	393
324	691
324	761
324	913
324	933
324	947
324	963
324	991
325	385
325	759
325	876
325	883
325	899
325	964
325	984
326	628
326	694
326	798
326	826
326	848
326	880
326	883
326	920
327	380
327	544
327	597
327	897
327	912
327	968
328	404
328	405
328	421
328	589
328	797
328	819
328	978
329	493
329	678
329	767
329	845
329	942
329	945
329	948
330	671
330	756
330	813
330	852
330	960
330	965
330	986
330	992
330	996
331	401
331	625
331	793
331	796
331	846
331	928
331	983
331	988
331	990
332	634
332	794
332	919
332	930
332	935
332	959
332	997
333	388
333	412
333	431
333	705
333	815
333	870
333	899
333	915
333	987
334	356
334	666
334	668
334	723
334	928
334	960
335	420
335	423
335	489
335	689
335	797
335	951
336	575
336	768
336	788
336	809
336	828
336	829
336	948
336	984
337	410
337	606
337	668
337	694
337	765
337	775
337	847
337	921
337	977
338	570
338	760
338	791
338	857
338	895
338	914
338	982
339	584
339	831
339	885
339	902
339	910
339	915
339	958
339	966
339	970
340	700
340	781
340	856
340	871
340	944
340	954
340	974
340	985
341	539
341	670
341	677
341	792
341	880
341	883
341	937
341	957
342	416
342	533
342	659
342	719
342	735
342	762
342	930
342	949
343	478
343	767
343	822
343	828
343	899
343	932
343	948
344	559
344	623
344	652
344	721
344	771
344	874
344	914
344	922
344	956
345	503
345	560
345	616
345	737
345	762
345	883
345	995
346	747
346	877
346	888
346	891
346	914
346	975
346	978
347	487
347	593
347	785
347	821
347	824
347	909
347	925
347	995
347	998
348	472
348	499
348	533
348	616
348	689
348	719
348	735
348	911
348	952
349	423
349	432
349	818
349	852
349	853
349	878
349	927
349	962
349	978
350	436
350	641
350	673
350	740
350	744
350	774
350	812
350	847
350	977
351	501
351	537
351	559
351	575
351	611
351	919
351	935
351	959
351	972
351	993
352	440
352	593
352	645
352	677
352	680
352	711
352	747
352	944
352	986
353	389
353	660
353	679
353	719
353	770
353	830
353	915
353	945
353	958
353	987
354	365
354	595
354	661
354	670
354	724
354	730
354	820
354	829
354	943
355	378
355	542
355	817
355	868
355	887
355	893
355	907
355	908
355	972
356	424
356	484
356	525
356	586
356	652
356	666
356	738
356	896
356	960
357	432
357	559
357	790
357	935
357	959
357	992
357	993
357	997
358	361
358	425
358	631
358	731
358	815
358	924
358	939
358	980
359	675
359	700
359	815
359	843
359	905
359	932
359	956
359	961
359	975
360	402
360	582
360	619
360	624
360	678
360	693
360	753
360	788
360	882
360	945
361	589
361	643
361	659
361	698
361	881
361	952
361	956
361	980
362	446
362	609
362	630
362	739
362	804
362	874
362	881
362	924
362	956
362	977
363	392
363	601
363	707
363	840
363	936
363	965
363	996
363	1000
364	552
364	579
364	654
364	660
364	705
364	770
364	915
364	987
364	998
365	427
365	643
365	730
365	736
365	829
365	891
365	911
365	961
366	791
366	857
366	895
366	923
366	937
366	957
366	962
366	965
366	966
366	982
367	653
367	741
367	825
367	868
367	873
367	969
367	986
367	989
368	432
368	441
368	621
368	823
368	925
368	937
368	962
368	971
368	974
368	979
369	482
369	832
369	925
369	935
369	956
369	992
369	996
369	1000
370	419
370	638
370	784
370	795
370	802
370	887
370	893
370	907
370	968
370	972
371	515
371	619
371	637
371	696
371	788
371	801
371	828
371	914
371	948
372	436
372	622
372	720
372	851
372	864
372	888
372	906
372	950
372	954
372	983
373	454
373	636
373	670
373	773
373	919
373	929
373	930
373	951
373	997
374	463
374	654
374	706
374	729
374	869
374	894
374	932
374	934
374	942
374	961
375	389
375	498
375	575
375	660
375	834
375	855
375	966
375	978
376	484
376	605
376	766
376	808
376	857
376	879
376	895
376	957
376	982
377	428
377	624
377	821
377	857
377	895
377	937
377	946
377	957
377	982
378	720
378	769
378	817
378	858
378	865
378	893
378	921
378	972
379	397
379	492
379	704
379	878
379	907
379	930
379	951
379	959
379	993
380	454
380	687
380	876
380	919
380	925
380	929
380	959
380	993
380	997
381	539
381	563
381	687
381	890
381	897
381	912
381	916
381	979
382	496
382	686
382	866
382	908
382	925
382	973
382	980
382	984
382	994
383	439
383	756
383	843
383	869
383	932
383	934
383	961
383	975
384	629
384	638
384	752
384	855
384	877
384	903
384	974
384	975
384	978
385	518
385	641
385	685
385	706
385	707
385	911
385	943
386	488
386	553
386	655
386	723
386	815
386	932
386	934
386	942
386	961
387	402
387	804
387	868
387	873
387	918
387	931
387	936
387	939
387	969
388	500
388	742
388	778
388	861
388	864
388	888
388	910
388	950
388	954
389	476
389	517
389	591
389	896
389	960
390	542
390	703
390	851
390	867
390	932
390	936
390	974
390	980
390	988
391	393
391	440
391	496
391	571
391	576
391	770
391	782
391	835
391	901
392	538
392	663
392	861
392	888
392	906
392	950
392	954
392	976
393	548
393	725
393	889
393	966
393	974
393	986
394	591
394	627
394	706
394	732
394	738
394	833
394	884
394	900
394	907
394	961
395	673
395	739
395	782
395	787
395	827
395	847
395	887
395	921
395	977
396	401
396	822
396	828
396	899
396	943
396	980
397	643
397	774
397	919
397	922
397	930
397	993
397	997
397	1000
398	711
398	717
398	754
398	829
398	871
398	931
398	936
398	939
398	969
398	989
399	407
399	619
399	694
399	748
399	821
399	824
399	854
399	976
399	998
400	768
400	861
400	864
400	872
400	906
400	950
400	951
400	954
400	960
401	587
401	750
401	819
401	893
401	904
401	925
401	973
401	994
402	652
402	731
402	796
402	889
402	908
402	924
402	935
402	952
403	873
403	938
403	947
403	949
403	963
403	991
403	993
403	1000
404	748
404	777
404	910
404	951
404	973
404	976
404	988
404	999
405	523
405	617
405	777
405	854
405	878
405	883
405	945
405	951
405	976
406	603
406	759
406	832
406	865
406	881
406	992
406	996
407	441
407	532
407	681
407	781
407	862
407	898
407	935
408	440
408	443
408	457
408	548
408	641
408	677
408	801
408	986
408	992
409	472
409	540
409	633
409	674
409	716
409	750
409	872
409	898
409	924
409	962
410	420
410	708
410	767
410	847
410	893
410	921
410	977
411	496
411	651
411	698
411	703
411	783
411	891
411	975
411	977
411	978
412	462
412	537
412	732
412	740
412	805
412	870
412	987
413	628
413	655
413	684
413	790
413	798
413	826
413	880
413	883
413	937
414	425
414	620
414	626
414	664
414	680
414	739
414	874
414	908
415	581
415	644
415	766
415	857
415	937
415	954
415	982
416	424
416	497
416	530
416	585
416	735
416	742
416	762
416	776
416	849
417	445
417	538
417	570
417	654
417	734
417	764
417	789
417	824
417	917
417	953
418	603
418	632
418	685
418	758
418	772
418	815
418	840
418	965
418	996
419	421
419	525
419	548
419	564
419	858
419	893
419	907
419	972
419	980
420	721
420	775
420	827
420	877
420	921
420	943
420	977
421	576
421	602
421	817
421	843
421	870
421	887
421	893
421	972
422	458
422	769
422	788
422	875
422	882
422	899
422	937
422	945
423	514
423	857
423	863
423	879
423	895
423	937
423	957
423	982
424	506
424	517
424	615
424	666
424	834
424	897
424	944
424	960
425	493
425	566
425	629
425	881
425	901
425	908
425	924
425	980
426	558
426	796
426	911
426	919
426	929
426	930
426	932
426	959
426	993
426	996
427	560
427	685
427	707
427	730
427	743
427	820
427	884
427	911
427	943
427	961
428	510
428	791
428	879
428	937
428	957
428	982
428	991
428	992
429	467
429	649
429	669
429	741
429	743
429	865
429	894
429	947
429	992
429	1000
430	575
430	729
430	736
430	882
430	899
430	945
430	948
430	996
431	464
431	588
431	736
431	932
431	934
431	942
431	946
431	961
431	968
432	704
432	790
432	817
432	836
432	927
432	962
433	624
433	728
433	756
433	787
433	800
433	865
433	876
433	887
433	926
433	931
433	984
434	495
434	561
434	573
434	666
434	668
434	733
434	773
434	896
434	960
435	723
435	815
435	834
435	874
435	932
435	942
435	961
435	970
436	473
436	501
436	775
436	802
436	827
436	921
436	957
436	977
437	524
437	554
437	698
437	726
437	811
437	975
437	978
437	979
438	475
438	682
438	702
438	729
438	740
438	790
438	853
438	878
438	927
438	962
439	442
439	528
439	570
439	712
439	745
439	863
439	876
439	906
439	984
440	677
440	785
440	913
440	981
441	474
441	685
441	709
441	792
441	845
441	968
441	979
442	443
442	626
442	712
442	801
442	871
442	876
442	964
442	984
443	534
443	577
443	677
443	782
443	806
443	975
443	986
444	585
444	646
444	814
444	854
444	903
444	909
444	985
444	995
444	998
445	637
445	658
445	786
445	848
445	853
445	860
445	917
445	953
446	471
446	694
446	768
446	844
446	851
446	874
446	881
446	903
446	956
446	980
447	693
447	711
447	725
447	791
447	800
447	804
447	849
447	876
447	964
447	984
448	482
448	678
448	712
448	788
448	899
448	945
448	957
448	971
449	536
449	715
449	752
449	874
449	890
449	916
449	946
449	963
449	968
449	979
450	498
450	611
450	725
450	745
450	800
450	843
450	876
450	926
450	984
451	462
451	497
451	534
451	645
451	713
451	782
451	913
451	968
452	523
452	608
452	672
452	701
452	727
452	789
452	843
452	848
452	898
452	917
452	953
453	492
453	522
453	525
453	896
453	948
453	960
454	885
454	929
454	930
454	935
454	958
454	964
454	993
454	997
454	999
455	510
455	606
455	667
455	740
455	821
455	828
455	850
455	909
455	998
456	716
456	770
456	808
456	833
456	838
456	850
456	905
456	906
456	997
457	538
457	674
457	766
457	799
457	806
457	825
457	951
457	970
457	976
458	546
458	559
458	575
458	678
458	803
458	894
458	899
458	948
458	986
459	603
459	693
459	746
459	827
459	828
459	840
459	894
459	992
459	996
459	1000
460	539
460	563
460	670
460	696
460	792
460	826
460	880
460	883
460	993
461	516
461	604
461	665
461	700
461	732
461	738
461	813
461	832
461	849
461	884
461	900
462	607
462	640
462	679
462	763
462	872
462	874
462	908
462	915
462	987
463	541
463	655
463	734
463	809
463	817
463	858
463	907
463	972
464	474
464	543
464	675
464	729
464	934
464	942
464	961
465	491
465	638
465	657
465	682
465	824
465	898
465	901
465	916
465	968
466	569
466	601
466	637
466	695
466	779
466	891
466	898
466	932
466	958
466	967
466	981
467	639
467	690
467	721
467	775
467	812
467	977
467	988
468	494
468	541
468	690
468	814
468	919
468	928
468	955
468	972
468	990
468	999
468	1000
469	622
469	869
469	904
469	933
469	945
469	977
469	986
470	483
470	511
470	526
470	583
470	637
470	779
470	878
470	967
470	990
470	993
471	509
471	546
471	581
471	623
471	731
471	874
471	908
471	924
471	956
472	642
472	674
472	681
472	730
472	750
472	862
472	872
472	893
472	915
472	959
473	624
473	647
473	690
473	795
473	800
473	804
473	855
473	876
473	885
473	964
473	984
474	687
474	708
474	859
474	875
474	884
474	890
474	897
474	912
475	702
475	817
475	836
475	852
475	878
475	927
475	962
475	969
475	989
476	589
476	600
476	748
476	799
476	811
476	825
476	842
476	844
476	951
476	976
477	535
477	609
477	656
477	691
477	696
477	710
477	807
477	871
477	872
477	922
477	992
478	537
478	560
478	826
478	929
478	930
478	935
478	981
478	993
478	997
479	486
479	574
479	685
479	723
479	724
479	729
479	820
479	897
479	943
479	956
480	490
480	565
480	653
480	779
480	823
480	846
480	928
480	955
480	983
480	990
480	999
481	557
481	708
481	744
481	788
481	791
481	801
481	837
481	845
481	859
481	916
481	979
482	504
482	521
482	564
482	756
482	772
482	825
482	893
482	996
482	1000
483	519
483	569
483	659
483	695
483	749
483	807
483	885
483	902
483	970
484	526
484	655
484	667
484	792
484	798
484	880
484	883
484	942
484	955
485	577
485	733
485	753
485	763
485	852
485	909
485	915
485	918
485	923
485	995
486	724
486	820
486	829
486	869
486	911
486	939
486	941
486	943
486	971
486	985
486	991
487	527
487	678
487	691
487	710
487	807
487	839
487	875
487	922
487	973
487	985
488	772
488	778
488	794
488	873
488	911
488	931
488	936
488	939
488	969
488	989
489	771
489	777
489	811
489	825
489	910
489	936
489	949
489	951
490	513
490	520
490	739
490	784
490	907
490	909
490	918
490	923
490	957
490	998
491	529
491	578
491	657
491	708
491	759
491	762
491	890
491	897
491	968
491	979
492	589
492	621
492	634
492	847
492	904
492	930
492	935
492	993
492	997
493	533
493	546
493	696
493	726
493	788
493	822
493	861
493	899
493	948
494	537
494	814
494	916
494	928
494	955
494	983
494	990
494	996
494	999
495	506
495	550
495	563
495	591
495	615
495	699
495	886
495	908
495	910
495	960
496	519
496	765
496	813
496	866
496	886
496	954
496	971
496	973
497	534
497	548
497	570
497	675
497	677
497	820
497	869
497	883
497	913
497	986
498	524
498	663
498	688
498	698
498	771
498	883
498	891
498	975
498	978
498	994
499	502
499	530
499	616
499	683
499	735
499	762
499	849
499	939
500	693
500	774
500	781
500	786
500	809
500	818
500	974
500	985
500	988
501	507
501	632
501	801
501	846
501	884
501	930
501	935
501	959
501	997
502	503
502	572
502	618
502	688
502	719
502	735
502	742
502	761
502	762
503	659
503	691
503	719
503	738
503	742
503	849
503	966
503	973
503	988
503	990
504	568
504	601
504	649
504	680
504	691
504	832
504	837
504	874
504	918
504	965
504	1000
505	664
505	684
505	836
505	852
505	853
505	880
505	927
505	962
505	974
506	517
506	522
506	573
506	634
506	732
506	818
506	822
506	841
506	896
506	960
507	650
507	929
507	930
507	959
507	982
507	993
507	997
508	628
508	655
508	666
508	667
508	670
508	792
508	798
508	880
508	883
508	923
508	997
509	587
509	658
509	823
509	837
509	866
509	886
509	904
509	925
509	939
509	971
509	994
510	606
510	779
510	848
510	854
510	903
510	909
510	918
510	941
510	974
510	998
511	544
511	562
511	665
511	681
511	746
511	764
511	806
511	816
511	910
511	951
511	964
512	521
512	745
512	859
512	919
512	929
512	935
512	954
512	959
512	993
512	997
513	660
513	763
513	784
513	824
513	923
513	937
513	990
513	995
513	1000
514	589
514	714
514	768
514	801
514	825
514	933
514	949
514	979
514	987
515	622
515	736
515	767
515	769
515	822
515	828
515	870
515	899
515	945
516	556
516	574
516	706
516	732
516	800
516	884
516	900
516	934
517	522
517	526
517	550
517	583
517	668
517	853
517	896
517	922
517	929
518	542
518	707
518	723
518	730
518	787
518	911
518	929
518	943
519	639
519	780
519	886
519	969
519	973
519	993
519	994
520	526
520	583
520	604
520	623
520	774
520	826
520	963
520	967
520	970
520	981
521	612
521	772
521	841
521	865
521	965
521	967
521	971
521	992
521	996
522	591
522	615
522	713
522	767
522	810
522	896
522	954
522	960
523	610
523	735
523	766
523	850
523	854
523	908
523	939
523	976
523	989
524	652
524	661
524	726
524	760
524	841
524	861
524	884
524	891
524	975
524	978
525	573
525	615
525	809
525	894
525	950
525	960
525	994
526	642
526	718
526	749
526	871
526	888
526	902
526	958
526	967
526	974
527	562
527	595
527	641
527	710
527	802
527	808
527	839
527	863
527	874
527	875
527	922
527	988
528	594
528	730
528	773
528	800
528	804
528	863
528	881
528	904
528	911
528	926
529	618
529	705
529	726
529	752
529	753
529	891
529	975
529	978
529	1000
530	533
530	540
530	659
530	735
530	742
530	754
530	849
530	978
530	995
531	605
531	673
531	717
531	758
531	801
531	933
531	938
531	949
531	963
531	991
531	993
532	632
532	642
532	674
532	681
532	692
532	716
532	750
532	862
532	892
532	898
532	902
532	914
533	623
533	659
533	861
533	946
533	951
534	539
534	576
534	605
534	747
534	857
534	890
534	913
534	986
534	997
535	595
535	609
535	691
535	697
535	710
535	839
535	922
535	925
535	955
536	793
536	846
536	868
536	928
536	941
536	947
536	955
536	990
536	999
537	555
537	660
537	679
537	698
537	770
537	830
537	938
537	987
537	1000
538	664
538	748
538	806
538	816
538	825
538	906
538	910
538	928
538	946
538	951
539	667
539	670
539	798
539	826
539	880
539	883
539	907
539	912
540	600
540	697
540	831
540	862
540	870
540	871
540	885
540	958
540	970
540	981
541	579
541	595
541	612
541	683
541	809
541	817
541	858
541	887
541	893
541	907
541	972
542	657
542	784
542	856
542	867
542	919
542	920
542	944
542	974
542	985
542	988
543	713
543	832
543	857
543	879
543	895
543	937
543	957
543	980
543	982
544	552
544	553
544	623
544	651
544	670
544	689
544	799
544	910
544	951
545	552
545	751
545	757
545	797
545	808
545	833
545	838
545	860
545	864
545	905
545	924
546	582
546	704
546	788
546	882
546	899
546	945
546	948
546	988
546	993
546	996
547	552
547	590
547	751
547	808
547	833
547	850
547	902
547	905
547	983
548	571
548	576
548	703
548	751
548	869
548	913
548	956
548	986
549	630
549	731
549	771
549	778
549	803
549	844
549	914
549	952
549	980
550	584
550	639
550	666
550	856
550	867
550	896
550	952
550	960
551	653
551	743
551	754
551	771
551	872
551	931
551	939
551	969
551	989
551	990
552	612
552	716
552	757
552	823
552	833
552	838
552	850
552	892
552	973
553	617
553	663
553	689
553	811
553	882
553	888
553	910
553	949
553	951
553	976
554	568
554	752
554	760
554	834
554	864
554	876
554	877
554	912
554	924
554	975
554	978
555	563
555	640
555	660
555	679
555	748
555	767
555	805
555	830
555	870
555	915
555	947
555	987
556	586
556	627
556	813
556	857
556	882
556	884
556	900
556	961
556	986
557	624
557	633
557	690
557	710
557	793
557	846
557	879
557	928
557	955
557	983
557	990
557	999
558	560
558	678
558	752
558	778
558	794
558	919
558	929
558	935
558	940
558	959
558	967
558	993
558	997
559	560
559	676
559	762
559	845
559	929
559	930
559	935
559	991
559	993
559	997
560	606
560	676
560	835
560	929
560	930
560	935
560	988
560	993
560	997
561	616
561	648
561	706
561	733
561	755
561	810
561	901
561	920
561	956
561	985
561	988
562	623
562	664
562	803
562	811
562	858
562	875
562	922
562	937
562	951
562	955
562	991
562	999
563	790
563	814
563	836
563	852
563	878
563	927
563	962
563	986
564	708
564	769
564	809
564	817
564	845
564	887
564	893
564	907
564	934
564	972
565	600
565	645
565	705
565	805
565	823
565	830
565	842
565	870
565	873
565	915
565	987
565	992
566	650
566	702
566	704
566	779
566	790
566	836
566	852
566	878
566	927
566	962
566	973
567	611
567	616
567	720
567	737
567	768
567	856
567	861
567	864
567	888
567	906
567	926
567	950
567	954
568	712
568	725
568	772
568	785
568	837
568	894
568	951
568	992
568	996
568	1000
569	581
569	600
569	637
569	789
569	874
569	885
569	902
569	939
569	958
569	981
570	625
570	672
570	764
570	765
570	786
570	848
570	860
570	917
570	953
570	987
571	576
571	645
571	677
571	724
571	757
571	782
571	938
571	986
571	990
572	651
572	698
572	783
572	823
572	828
572	846
572	926
572	941
572	949
572	955
572	983
572	990
572	999
573	640
573	666
573	668
573	704
573	896
573	934
573	960
573	963
573	975
574	636
574	669
574	690
574	829
574	842
574	911
574	915
574	943
574	983
574	987
574	990
575	582
575	619
575	725
575	767
575	886
575	948
576	700
576	766
576	869
576	899
576	913
576	986
576	989
577	740
577	826
577	854
577	893
577	903
577	914
577	923
577	995
577	998
578	657
578	814
578	840
578	845
578	859
578	877
578	897
578	912
578	962
578	968
578	990
578	993
579	610
579	729
579	754
579	868
579	905
579	931
579	936
579	939
579	943
579	969
579	989
580	680
580	756
580	772
580	796
580	832
580	865
580	955
580	987
580	992
580	996
580	1000
581	701
581	871
581	878
581	885
581	902
581	952
581	958
581	967
581	970
581	981
582	703
582	708
582	750
582	777
582	828
582	840
582	899
582	907
582	945
583	630
583	635
583	637
583	680
583	718
583	749
583	865
583	967
583	970
584	590
584	657
584	749
584	759
584	842
584	885
584	958
584	967
584	970
584	978
584	981
585	720
585	737
585	762
585	861
585	864
585	888
585	906
585	908
585	950
585	954
585	986
586	627
586	665
586	706
586	732
586	813
586	884
586	900
586	917
586	918
586	960
586	975
587	711
587	760
587	835
587	861
587	881
587	886
587	897
587	925
587	971
587	994
588	602
588	654
588	723
588	729
588	840
588	843
588	864
588	932
588	934
588	962
589	746
589	799
589	806
589	820
589	871
589	910
589	940
589	976
590	751
590	757
590	808
590	827
590	838
590	850
590	891
590	905
590	959
590	977
591	615
591	628
591	641
591	668
591	808
591	896
591	925
591	960
592	651
592	751
592	757
592	783
592	794
592	796
592	814
592	823
592	928
592	950
592	955
592	983
592	999
593	727
593	764
593	786
593	787
593	789
593	848
593	860
593	944
593	953
594	728
594	741
594	787
594	804
594	835
594	863
594	912
594	930
594	954
594	984
595	648
595	656
595	785
595	802
595	807
595	875
595	922
595	942
595	959
596	598
596	614
596	703
596	724
596	728
596	773
596	910
596	926
596	964
596	984
596	985
597	657
597	709
597	828
597	829
597	859
597	864
597	890
597	897
597	943
597	968
597	979
598	641
598	673
598	690
598	721
598	733
598	775
598	812
598	827
598	847
598	921
598	932
598	977
599	610
599	752
599	819
599	834
599	855
599	872
599	877
599	881
599	975
599	978
599	979
600	633
600	695
600	779
600	871
600	967
600	984
600	987
601	603
601	832
601	865
601	885
601	886
601	919
601	992
601	996
601	997
601	1000
602	620
602	675
602	701
602	723
602	729
602	843
602	912
602	932
602	934
602	942
602	956
602	973
603	632
603	809
603	837
603	876
603	965
603	970
603	988
603	996
603	1000
604	695
604	697
604	810
604	812
604	831
604	841
604	871
604	885
604	967
604	970
604	996
605	676
605	707
605	734
605	933
605	938
605	947
605	949
605	963
605	976
605	991
606	611
606	615
606	753
606	763
606	790
606	903
606	918
606	980
606	998
607	640
607	653
607	660
607	666
607	705
607	770
607	842
607	870
607	908
607	915
607	916
607	959
607	976
607	987
608	662
608	687
608	720
608	764
608	768
608	778
608	861
608	864
608	888
608	906
608	950
608	954
608	959
608	974
609	656
609	691
609	802
609	807
609	839
609	842
609	894
609	922
609	961
610	744
610	771
610	794
610	873
610	906
610	931
610	969
610	989
611	612
611	639
611	763
611	784
611	854
611	903
611	918
611	979
611	995
611	998
612	751
612	757
612	771
612	808
612	816
612	833
612	838
612	850
612	887
612	892
612	905
613	623
613	718
613	765
613	779
613	816
613	871
613	879
613	902
613	920
613	951
613	958
613	967
613	970
613	981
614	640
614	671
614	679
614	696
614	754
614	770
614	805
614	830
614	845
614	870
614	915
614	935
614	987
615	666
615	889
615	896
615	921
615	946
615	952
615	960
616	640
616	674
616	762
616	849
616	946
616	973
617	642
617	721
617	726
617	748
617	797
617	811
617	825
617	951
617	964
617	978
617	981
618	633
618	692
618	783
618	797
618	846
618	928
618	953
618	983
618	990
618	999
619	678
619	681
619	736
619	905
619	936
619	938
619	945
619	948
619	999
620	723
620	760
620	769
620	806
620	815
620	843
620	869
620	932
620	934
620	942
620	961
621	822
621	826
621	889
621	919
621	927
621	929
621	930
621	935
621	959
621	993
621	997
622	626
622	677
622	747
622	859
622	868
622	935
622	966
622	986
623	776
623	803
623	844
623	881
623	908
623	924
623	980
624	699
624	712
624	725
624	728
624	926
624	946
624	964
624	984
624	990
625	727
625	734
625	764
625	789
625	838
625	848
625	860
625	917
625	953
625	979
626	678
626	808
626	850
626	873
626	905
626	913
626	936
626	951
626	986
626	989
626	997
627	706
627	732
627	738
627	813
627	829
627	838
627	884
627	888
627	900
627	915
627	917
627	964
628	655
628	667
628	792
628	798
628	820
628	826
628	883
628	923
628	958
628	964
628	993
629	726
629	758
629	760
629	813
629	892
629	947
629	949
629	963
629	966
629	991
630	634
630	704
630	790
630	836
630	852
630	853
630	878
630	927
630	948
630	962
631	647
631	662
631	680
631	722
631	792
631	887
631	889
631	908
631	914
631	924
631	928
631	952
631	956
631	957
632	671
632	693
632	720
632	772
632	933
632	935
632	962
632	992
632	996
632	1000
633	783
633	793
633	814
633	917
633	918
633	955
633	967
633	983
633	990
633	997
633	999
634	704
634	720
634	761
634	790
634	852
634	853
634	878
634	927
634	962
634	964
635	705
635	786
635	837
635	885
635	889
635	894
635	917
635	953
635	976
635	981
635	996
636	654
636	697
636	702
636	831
636	885
636	902
636	967
636	970
636	981
636	984
637	679
637	701
637	718
637	871
637	901
637	958
637	970
637	980
638	769
638	809
638	816
638	817
638	858
638	887
638	928
638	954
638	972
638	975
638	990
639	658
639	753
639	784
639	918
639	923
639	989
639	995
639	998
640	679
640	697
640	830
640	842
640	870
640	915
640	936
640	938
640	987
641	673
641	714
641	721
641	746
641	812
641	827
641	847
641	921
641	977
642	651
642	716
642	750
642	815
642	862
642	872
642	898
642	931
642	971
643	763
643	919
643	930
643	935
643	953
643	959
643	963
643	993
643	997
644	652
644	713
644	791
644	852
644	879
644	895
644	937
644	957
644	967
644	969
644	982
645	672
645	782
645	869
645	887
645	911
645	913
645	986
645	998
645	1000
646	660
646	694
646	697
646	740
646	753
646	764
646	785
646	821
646	844
646	872
646	909
646	960
646	995
647	703
647	722
647	725
647	795
647	808
647	831
647	839
647	863
647	890
647	926
647	984
647	991
648	650
648	692
648	714
648	725
648	733
648	780
648	818
648	856
648	869
648	880
648	901
648	939
648	940
649	693
649	746
649	774
649	832
649	840
649	865
649	867
649	894
649	965
649	992
649	1000
650	739
650	781
650	803
650	810
650	851
650	867
650	901
650	923
650	925
650	941
650	944
650	985
651	660
651	745
651	793
651	796
651	812
651	814
651	928
651	955
651	983
651	990
651	999
652	776
652	844
652	853
652	889
652	908
652	914
652	924
652	980
653	743
653	793
653	794
653	868
653	873
653	875
653	931
653	936
653	937
653	939
653	950
653	989
654	723
654	729
654	744
654	843
654	849
654	932
654	934
654	944
654	961
654	965
655	670
655	798
655	808
655	826
655	848
655	880
655	883
655	929
655	967
655	970
656	710
656	802
656	807
656	856
656	875
656	884
656	922
656	969
656	980
657	662
657	668
657	845
657	912
657	938
657	968
658	780
658	818
658	819
658	835
658	866
658	904
658	935
658	955
658	971
658	983
658	994
658	998
659	742
659	762
659	849
659	899
659	923
659	924
660	830
660	842
660	870
660	915
660	973
660	985
661	707
661	726
661	741
661	757
661	760
661	835
661	877
661	891
661	893
661	975
661	978
662	682
662	687
662	757
662	774
662	801
662	845
662	859
662	890
662	895
662	912
662	979
662	997
663	737
663	768
663	778
663	803
663	864
663	888
663	904
663	906
663	932
663	950
663	954
664	713
664	857
664	937
664	955
664	957
664	982
665	738
665	792
665	806
665	813
665	850
665	884
665	914
665	941
665	970
666	770
666	807
666	873
666	905
666	960
666	966
667	686
667	781
667	792
667	798
667	826
667	880
667	883
667	891
668	766
668	860
668	896
668	907
668	960
668	962
669	693
669	738
669	749
669	756
669	837
669	840
669	894
669	948
669	965
669	996
669	1000
670	792
670	795
670	798
670	826
670	880
670	883
670	990
671	714
671	756
671	814
671	837
671	840
671	947
671	965
671	976
671	992
671	1000
672	727
672	734
672	764
672	786
672	789
672	835
672	841
672	860
672	867
672	917
672	953
672	961
672	965
672	966
673	712
673	721
673	754
673	775
673	827
673	850
673	852
673	869
673	890
673	977
674	716
674	750
674	772
674	789
674	836
674	862
674	872
674	898
675	719
675	723
675	797
675	815
675	826
675	843
675	858
675	885
675	932
675	933
675	934
675	942
675	961
676	699
676	717
676	721
676	759
676	761
676	864
676	933
676	938
676	947
676	963
676	991
677	684
677	758
677	782
677	869
677	941
677	954
677	959
678	736
678	755
678	830
678	882
678	899
678	900
678	909
679	770
679	778
679	805
679	830
679	831
679	922
679	987
679	988
680	755
680	756
680	844
680	874
680	881
680	908
680	914
680	952
680	980
681	704
681	710
681	716
681	750
681	816
681	857
681	862
681	872
681	898
681	985
682	715
682	744
682	758
682	801
682	845
682	914
682	916
682	918
682	968
682	979
682	981
682	983
683	739
683	889
683	908
683	914
683	922
683	924
683	927
683	938
683	952
683	956
683	980
683	992
684	702
684	704
684	836
684	852
684	853
684	878
684	900
684	920
684	927
684	962
685	724
685	820
685	829
685	861
685	892
685	911
685	943
685	948
686	711
686	835
686	845
686	860
686	886
686	904
686	971
686	973
686	983
686	984
686	994
687	690
687	715
687	799
687	847
687	859
687	912
687	934
687	968
688	698
688	701
688	760
688	877
688	898
688	899
688	915
688	975
688	978
689	797
689	799
689	862
689	910
689	917
689	951
689	976
689	992
689	1000
690	783
690	796
690	869
690	928
690	940
690	955
690	983
690	987
690	990
690	999
691	732
691	796
691	802
691	807
691	839
691	875
691	881
691	922
691	948
691	985
692	722
692	763
692	784
692	854
692	891
692	903
692	909
692	917
692	918
692	923
692	925
692	995
693	698
693	756
693	832
693	835
693	837
693	894
693	965
693	983
693	992
693	1000
694	753
694	784
694	785
694	903
694	923
694	949
694	966
694	995
694	998
695	718
695	831
695	870
695	885
695	896
695	926
695	954
695	965
695	969
695	970
695	981
696	736
696	754
696	767
696	783
696	828
696	882
696	900
696	945
696	948
696	951
697	871
697	874
697	946
697	958
697	967
697	970
697	981
697	996
698	741
698	752
698	760
698	834
698	883
698	891
698	931
698	974
698	976
699	744
699	758
699	821
699	853
699	892
699	938
699	947
699	949
699	963
699	972
699	991
700	714
700	774
700	781
700	787
700	794
700	841
700	851
700	920
700	940
700	953
700	966
700	974
700	985
700	988
701	703
701	741
701	760
701	834
701	862
701	877
701	934
701	975
701	978
702	713
702	748
702	790
702	824
702	836
702	853
702	878
702	927
702	962
702	982
703	776
703	822
703	855
703	863
703	871
703	882
703	891
703	892
703	925
703	933
704	790
704	809
704	852
704	853
704	878
704	882
704	927
704	962
705	770
705	805
705	842
705	861
705	870
705	903
705	915
705	967
705	980
705	987
706	732
706	738
706	788
706	813
706	862
706	884
706	900
707	724
707	730
707	820
707	836
707	895
707	911
707	943
707	998
708	709
708	715
708	890
708	897
708	916
708	917
708	934
708	946
708	953
708	968
709	801
709	818
709	890
709	897
709	912
709	916
709	944
709	951
709	953
709	979
710	802
710	839
710	856
710	875
710	922
710	960
711	713
711	737
711	765
711	835
711	866
711	904
711	925
711	965
711	971
711	973
711	994
712	722
712	726
712	773
712	787
712	800
712	847
712	876
712	914
712	926
712	964
713	791
713	857
713	866
713	895
713	909
713	937
713	957
713	982
714	774
714	818
714	832
714	867
714	920
714	927
714	944
714	967
714	988
714	995
715	798
715	851
715	859
715	890
715	909
715	916
715	946
715	965
715	968
715	979
716	759
716	767
716	862
716	872
716	898
716	941
716	996
717	758
717	761
717	780
717	787
717	809
717	819
717	933
717	938
717	947
717	949
717	963
717	976
717	991
718	779
718	781
718	795
718	831
718	885
718	902
718	958
718	966
718	967
718	981
719	735
719	742
719	745
719	762
719	764
719	849
719	868
719	921
719	937
720	731
720	778
720	861
720	864
720	888
720	898
720	906
720	936
720	950
720	954
720	974
721	775
721	812
721	827
721	846
721	847
721	921
721	939
721	975
721	977
722	731
722	739
722	759
722	776
722	803
722	816
722	889
722	914
722	948
722	952
722	956
722	980
723	811
723	843
723	849
723	871
723	926
723	932
723	942
723	996
724	730
724	820
724	829
724	875
724	911
724	939
724	943
724	962
724	987
725	773
725	876
725	911
725	948
725	964
726	834
726	855
726	877
726	891
726	975
726	978
727	734
727	764
727	786
727	789
727	848
727	893
727	916
727	917
727	953
728	745
728	751
728	752
728	804
728	805
728	827
728	863
728	876
728	888
728	926
728	945
728	964
728	994
729	815
729	848
729	897
729	932
729	934
729	942
729	961
730	820
730	856
730	863
730	896
730	941
730	943
730	991
731	734
731	740
731	803
731	874
731	889
731	901
731	908
731	916
731	924
731	952
731	1000
732	738
732	772
732	884
732	900
732	929
732	961
733	774
733	802
733	810
733	827
733	859
733	893
733	920
733	940
733	944
733	963
733	974
733	985
733	988
734	786
734	787
734	789
734	790
734	802
734	848
734	917
734	942
734	952
734	953
735	813
735	849
735	913
735	929
735	966
735	984
736	767
736	784
736	820
736	826
736	866
736	882
736	899
736	942
736	945
737	778
737	816
737	861
737	864
737	878
737	888
737	906
737	922
737	925
737	944
737	950
737	954
738	884
738	900
738	941
738	955
738	983
739	755
739	803
739	881
739	882
739	889
739	914
739	935
739	949
739	952
739	980
739	989
740	763
740	824
740	909
740	918
740	923
740	933
740	985
740	995
740	998
741	752
741	760
741	816
741	855
741	877
741	891
741	893
741	931
741	976
741	978
742	762
742	800
742	846
742	849
742	925
742	934
742	947
742	955
742	966
742	969
743	771
743	794
743	815
743	827
743	858
743	868
743	873
743	930
743	931
743	936
743	939
743	969
743	984
743	989
744	801
744	845
744	859
744	890
744	897
744	901
744	914
744	916
744	946
744	968
744	979
745	787
745	795
745	800
745	821
745	831
745	863
745	879
745	914
745	926
745	984
746	750
746	758
746	766
746	806
746	811
746	825
746	910
746	933
746	951
746	971
746	976
747	821
747	838
747	855
747	869
747	909
747	913
747	943
747	963
747	966
747	978
747	986
747	998
748	766
748	767
748	809
748	811
748	812
748	825
748	910
748	946
748	951
748	970
748	976
749	779
749	817
749	831
749	871
749	902
749	905
749	921
749	929
749	930
749	949
750	862
750	872
750	882
750	898
750	960
750	961
751	757
751	808
751	833
751	838
751	850
751	886
751	892
751	904
751	905
751	977
751	985
752	764
752	834
752	855
752	877
752	891
752	938
752	945
752	970
752	978
752	999
753	782
753	824
753	877
753	903
753	909
753	918
753	923
753	925
753	977
753	990
753	995
754	766
754	771
754	790
754	865
754	868
754	873
754	931
754	936
754	939
754	941
754	969
754	989
754	991
755	781
755	810
755	818
755	840
755	856
755	920
755	928
755	940
755	944
755	958
755	959
755	974
755	985
755	988
755	996
756	791
756	828
756	866
756	965
756	974
756	992
756	996
757	808
757	816
757	833
757	850
757	890
757	892
757	905
757	924
757	931
757	994
758	759
758	778
758	867
758	874
758	933
758	949
758	963
759	761
759	933
759	938
759	945
759	947
759	949
759	991
759	998
760	782
760	799
760	896
760	968
760	975
760	978
761	788
761	857
761	892
761	903
761	938
761	947
761	949
761	963
761	991
761	996
762	825
762	883
762	940
762	969
763	767
763	768
763	785
763	821
763	824
763	907
763	936
763	995
763	998
764	789
764	816
764	848
764	860
764	890
764	917
764	953
764	979
765	773
765	780
765	803
765	811
765	819
765	835
765	866
765	880
765	886
765	952
765	971
765	973
765	994
766	777
766	797
766	799
766	811
766	816
766	914
766	917
766	951
766	976
766	983
767	806
767	882
767	895
767	899
767	948
768	778
768	861
768	906
768	950
768	954
768	999
769	809
769	833
769	858
769	887
769	893
769	907
769	930
769	972
770	777
770	830
770	842
770	892
770	963
770	982
770	987
771	794
771	868
771	873
771	931
771	936
771	939
771	969
771	989
772	839
772	840
772	851
772	917
772	965
772	966
772	979
772	992
772	996
772	1000
773	795
773	799
773	800
773	811
773	863
773	876
773	926
773	927
773	947
773	948
773	984
774	810
774	818
774	851
774	867
774	940
774	944
774	962
774	974
774	983
774	985
774	988
775	827
775	847
775	875
775	876
775	899
775	921
775	926
775	971
775	977
776	793
776	796
776	853
776	858
776	874
776	883
776	889
776	908
776	924
776	932
776	943
776	980
777	797
777	811
777	816
777	825
777	841
777	875
777	910
777	939
777	947
777	951
777	959
777	971
777	976
778	836
778	861
778	864
778	888
778	897
778	906
778	916
778	950
778	954
779	785
779	831
779	841
779	847
779	854
779	885
779	902
779	966
779	967
779	970
779	981
780	782
780	786
780	819
780	863
780	886
780	904
780	925
780	971
780	973
780	994
781	818
781	864
781	892
781	920
781	940
781	944
781	945
781	959
781	966
781	985
781	988
782	825
782	869
782	913
782	952
782	966
782	983
782	986
783	813
783	814
783	823
783	856
783	920
783	928
783	961
783	977
783	983
783	990
783	999
784	785
784	902
784	903
784	909
784	918
784	923
784	936
784	963
785	821
785	823
785	834
785	854
785	909
785	923
785	950
785	982
785	995
785	998
786	813
786	830
786	848
786	860
786	887
786	917
786	953
786	993
787	795
787	800
787	804
787	859
787	876
787	927
787	964
788	812
788	822
788	879
788	882
788	929
788	945
788	948
788	981
788	999
789	843
789	848
789	855
789	856
789	860
789	917
789	953
790	852
790	853
790	892
790	927
790	962
790	970
790	1000
791	822
791	830
791	857
791	879
791	929
791	937
791	952
791	957
791	964
791	982
792	798
792	826
792	880
792	883
792	942
792	943
792	956
792	998
793	823
793	837
793	841
793	846
793	849
793	928
793	955
793	960
793	983
793	990
793	998
793	999
794	868
794	873
794	877
794	931
794	936
794	939
794	941
794	969
794	989
794	999
795	804
795	862
795	863
795	903
795	923
795	926
795	973
795	984
795	993
796	823
796	842
796	846
796	928
796	941
796	955
796	961
796	980
796	983
796	990
796	999
797	806
797	811
797	840
797	910
797	913
797	951
797	957
797	976
797	989
798	822
798	826
798	838
798	883
798	903
798	912
798	930
799	806
799	811
799	827
799	848
799	850
799	951
799	976
800	804
800	805
800	811
800	832
800	850
800	863
800	876
800	926
800	941
800	964
801	859
801	877
801	895
801	897
801	912
801	916
801	968
801	979
802	805
802	807
802	839
802	875
802	885
802	922
802	983
802	987
802	995
803	805
803	852
803	881
803	908
803	914
803	952
803	956
804	805
804	863
804	876
804	877
804	897
804	926
804	941
804	959
804	964
804	992
805	829
805	842
805	870
805	900
805	915
805	925
805	977
805	987
806	819
806	825
806	871
806	873
806	910
806	951
806	971
806	976
807	825
807	839
807	846
807	885
807	913
807	922
807	956
807	959
807	974
808	833
808	838
808	850
808	892
808	897
808	905
808	939
808	994
809	851
809	858
809	893
809	907
809	972
810	830
810	856
810	867
810	874
810	889
810	891
810	901
810	911
810	920
810	974
810	975
810	985
810	988
811	904
811	910
811	951
811	957
811	965
811	999
812	827
812	847
812	876
812	895
812	921
812	977
812	983
812	999
813	823
813	884
813	900
813	981
814	822
814	823
814	846
814	917
814	919
814	928
814	955
814	963
814	983
814	990
814	999
815	831
815	843
815	889
815	913
815	920
815	932
815	934
815	942
815	961
816	833
816	848
816	850
816	860
816	905
816	940
816	953
816	967
816	976
817	832
817	858
817	887
817	893
817	907
817	972
817	981
817	991
818	867
818	878
818	900
818	901
818	919
818	920
818	940
818	944
818	974
818	985
818	991
819	835
819	866
819	886
819	904
819	937
819	957
819	971
819	973
819	994
819	995
820	829
820	877
820	911
820	943
820	946
820	948
820	967
821	824
821	831
821	844
821	896
821	903
821	913
821	918
821	923
821	995
821	998
822	828
822	841
822	878
822	882
822	899
822	912
822	945
822	948
822	987
823	846
823	910
823	928
823	941
823	955
823	975
823	983
823	990
823	999
824	854
824	878
824	903
824	909
824	923
824	944
824	957
824	990
824	995
824	998
825	841
825	852
825	910
825	937
825	976
825	986
826	849
826	880
826	883
826	903
826	922
827	847
827	857
827	902
827	921
827	977
828	882
828	888
828	899
828	911
828	918
828	945
828	948
828	950
828	998
829	892
829	911
829	914
829	928
829	941
829	943
829	981
829	995
830	842
830	858
830	870
830	915
830	937
830	972
830	987
831	871
831	897
831	902
831	905
831	943
831	958
831	970
832	837
832	840
832	894
832	947
832	960
832	965
832	992
832	996
832	1000
833	838
833	850
833	868
833	905
833	940
833	952
833	990
833	996
834	841
834	855
834	877
834	891
834	974
834	975
834	978
834	987
835	886
835	902
835	904
835	923
835	925
835	948
835	971
835	973
835	994
836	852
836	853
836	854
836	865
836	878
836	890
836	923
836	927
836	949
836	962
837	840
837	880
837	910
837	965
837	972
837	975
837	992
837	995
837	1000
838	846
838	850
838	905
838	942
838	945
838	967
838	984
838	998
839	875
839	922
839	941
839	947
839	956
839	984
839	987
839	989
840	865
840	874
840	894
840	949
840	965
840	989
840	992
840	996
840	997
840	1000
841	843
841	902
841	910
841	965
841	976
841	981
841	993
841	996
841	1000
842	863
842	870
842	891
842	915
842	933
842	939
842	987
843	875
843	901
843	932
843	934
843	942
843	945
843	961
844	862
844	870
844	874
844	881
844	924
844	925
844	952
844	956
844	980
844	990
844	998
845	875
845	884
845	895
845	912
845	916
845	942
845	959
845	968
845	979
846	886
846	919
846	928
846	950
846	955
846	956
846	965
846	983
846	990
846	999
847	921
847	957
847	966
847	977
847	985
848	860
848	918
848	953
848	972
849	945
849	946
849	966
849	968
849	969
849	988
850	892
850	900
850	905
850	968
850	994
851	856
851	867
851	886
851	895
851	901
851	932
851	940
851	944
851	964
851	966
851	974
851	985
851	988
852	853
852	861
852	874
852	904
852	927
852	962
852	991
852	998
853	878
853	883
853	949
853	954
853	958
853	962
853	969
853	981
854	859
854	903
854	908
854	909
854	917
854	918
854	921
854	927
854	981
854	995
854	998
855	857
855	864
855	877
855	880
855	912
855	934
855	947
855	975
855	978
856	901
856	917
856	920
856	940
856	944
856	960
856	966
856	974
856	988
857	879
857	892
857	895
857	905
857	940
857	943
857	957
857	982
858	887
858	893
858	907
858	908
858	946
858	972
858	984
859	887
859	912
859	932
859	946
859	979
859	990
860	880
860	908
860	910
860	917
860	927
860	931
860	936
860	953
861	864
861	868
861	879
861	888
861	903
861	906
861	950
861	954
861	961
862	872
862	892
862	898
862	919
862	953
863	887
863	918
863	926
863	946
863	955
863	958
863	964
863	984
864	888
864	906
864	940
864	950
864	954
864	971
864	989
865	894
865	897
865	912
865	913
865	955
865	980
865	992
865	995
865	996
865	1000
866	872
866	875
866	876
866	925
866	971
866	973
866	976
866	994
867	901
867	940
867	944
867	951
867	974
867	985
867	988
868	870
868	873
868	920
868	931
868	936
868	939
868	958
868	969
868	989
868	997
869	921
869	986
870	908
870	915
870	958
870	964
870	967
870	978
870	987
871	904
871	946
871	958
871	967
871	970
872	898
872	921
872	934
872	992
873	879
873	912
873	931
873	936
873	939
873	941
873	947
873	969
873	977
873	986
873	989
874	881
874	952
874	956
874	980
875	922
875	961
876	885
876	964
876	973
876	978
876	984
876	999
877	891
877	970
877	975
877	978
877	989
877	991
878	927
878	930
878	962
878	963
879	895
879	901
879	921
879	937
879	941
879	951
879	957
879	982
880	883
880	887
880	944
880	976
881	888
881	889
881	908
881	914
881	924
881	952
881	956
881	961
881	980
881	991
881	998
882	883
882	899
882	923
882	945
882	948
882	957
883	996
884	899
884	900
884	930
884	984
884	988
885	907
885	932
885	946
885	965
885	967
885	981
885	1000
886	904
886	925
886	971
886	973
886	989
886	994
886	995
887	893
887	907
887	972
887	1000
888	906
888	946
888	950
888	954
888	956
889	908
889	914
889	924
889	936
889	937
889	943
889	952
889	953
889	956
889	976
889	980
890	897
890	916
890	920
890	929
890	946
890	965
890	968
890	979
890	994
891	961
891	975
891	976
891	978
891	985
892	909
892	911
892	938
892	943
892	948
892	991
893	907
893	921
893	972
894	926
894	931
894	942
894	955
894	983
894	992
894	996
894	1000
895	937
895	940
895	957
895	960
895	965
895	970
895	982
896	932
896	933
896	950
896	955
896	960
896	986
897	912
897	916
897	959
897	968
897	973
897	979
897	989
898	916
898	936
899	909
899	948
899	971
899	981
899	984
900	918
900	949
900	954
900	978
900	988
900	996
901	920
901	921
901	940
901	944
901	962
901	974
901	975
901	985
901	988
902	910
902	920
902	930
902	965
902	967
902	970
902	981
902	998
903	918
903	923
903	941
903	950
903	993
903	995
903	998
904	906
904	925
904	935
904	971
904	973
904	974
904	981
904	994
905	926
905	964
905	978
905	996
906	924
906	926
906	944
906	950
906	954
906	965
906	968
906	975
907	909
907	972
908	914
908	922
908	952
908	956
908	966
908	980
909	918
909	923
909	977
909	994
909	995
909	997
909	998
910	951
910	964
910	972
910	976
910	982
910	989
911	938
911	941
911	943
911	983
912	916
912	947
912	992
913	915
913	941
913	951
913	966
913	982
913	986
914	924
914	938
914	952
914	956
915	954
915	981
915	987
915	989
916	941
916	980
916	984
916	992
916	995
916	999
917	953
918	923
918	933
918	946
918	962
918	998
919	929
919	935
919	936
919	959
919	977
919	992
919	993
919	994
919	997
920	940
920	944
920	964
920	966
920	985
920	988
921	938
921	967
921	977
922	932
922	970
923	931
923	961
923	984
923	995
923	998
924	950
924	952
924	956
924	972
924	977
924	980
925	956
925	971
925	973
925	994
926	964
926	974
926	984
926	999
927	939
927	962
927	971
927	988
928	955
928	982
928	983
928	990
928	997
928	999
929	930
929	938
929	959
929	973
929	978
929	982
929	993
929	997
930	933
930	959
930	968
930	980
930	993
930	997
931	936
931	939
931	941
931	949
931	956
931	958
931	964
931	969
931	985
931	989
932	934
932	942
932	961
932	996
933	938
933	947
933	949
933	952
933	963
933	967
933	977
933	991
934	942
934	946
934	961
934	987
935	959
935	993
935	995
935	997
936	939
936	969
936	989
936	994
937	940
937	950
937	957
937	982
937	990
938	947
938	949
938	963
938	973
938	991
939	941
939	969
939	989
939	992
939	993
940	944
940	948
940	970
940	974
940	985
940	988
940	993
941	943
941	948
941	969
941	983
941	989
941	990
941	994
941	999
942	961
942	971
942	976
942	980
943	979
943	985
944	947
944	957
944	958
944	974
944	985
944	988
945	948
945	968
945	998
946	963
946	966
946	970
946	975
946	981
947	949
947	963
947	974
947	991
947	995
948	967
949	963
949	982
949	991
950	954
950	960
950	968
950	982
951	968
951	976
951	997
952	956
952	958
952	964
952	980
952	999
953	962
953	965
953	976
953	991
953	995
954	968
955	963
955	969
955	983
955	990
955	999
956	965
956	980
957	982
958	967
958	970
959	993
959	997
961	973
962	979
963	985
963	991
963	994
964	984
964	994
965	992
965	996
965	1000
966	974
966	985
966	990
967	970
967	981
967	999
968	975
968	994
969	979
969	982
969	989
970	981
970	994
970	1000
971	972
971	973
971	981
972	978
972	991
972	992
972	997
973	992
973	994
974	985
974	988
974	999
975	978
976	987
977	993
977	996
978	982
978	988
978	997
979	994
979	995
979	998
980	994
981	991
983	990
983	999
985	987
985	988
986	992
986	993
986	995
986	997
986	1000
989	991
990	992
990	999
992	996
992	1000
993	997
995	998
995	1000
996	1000