981	769	8	955	973	980	991	997	998	999	15	965	986	23	979	845	943	121	935	139	146	639	801	178	222	229	304	393	749	312	319	350	754	366	371	928	392	926	507	581	614	569	699	832	653	753	770
805	493	964	29	759	952	985	988	992	1000	594	646	77	940	968	559	405	525	135	889	927	154	933	252	218	731	957	256	713	854	281	654	327	868	555	721	398	778	692	553	479	626	704	533	576	584	586	640
17	948	956	959	962	982	987	996	25	974	990	994	995	31	950	989	942	444	526	817	247	378	936	427	522	820	199	944	993	528	230	257	264	722	274	334	422	828	681	447	452	475	536	494	939	647	904	807	908	850
370	877	934	41	903	960	961	971	983	265	941	99	748	977	103	114	888	679	138	862	151	175	217	709	242	571	270	285	415	308	329	342	363	374	384	408	529	426	450	505	532	641
946	66	49	879	954	966	967	975	976	984	56	891	58	945	625	806	105	855	137	843	811	179	181	232	201	884	207	212	253	262	291	318	390	861	406	829	486	712	695	605	610	804
949	72	906	910	915	923	938	978	276	549	82	866	953	106	870	120	129	896	198	159	300	166	345	418	194	241	634	279	284	765	286	353	376	698	705	383	395	396	455	538
12	881	895	929	947	951	970	972	18	922	969	92	111	909	116	161	177	183	661	894	251	214	239	266	682	299	719	306	414	344	379	736	551	655	430	800	435	497	666	595
932	294	57	813	900	914	958	963	144	824	858	920	925	185	623	302	289	743	793	849	742	745	667	814	359	367	697	729	397	402	417	819	593	463	568	476	514
20	173	620	763	886	901	937	30	254	343	871	45	740	786	79	155	601	133	780	209	657	182	481	211	282	638	561	333	524	628	309	341	582
2	84	691	883	885	921	930	68	913	246	165	97	117	482	523	656	385	157	480	542	567	608	462	473	225	423	509	250	389	332	438	461
234	60	322	844	876	897	917	918	931	93	777	94	315	550	530	147	662	148	311	150	795	176	228	436	446	216	472	587	224	347	331	381	404
35	642	823	833	847	902	924	53	573	616	905	911	54	633	872	73	83	683	728	751	434	192	287	621	665	809	355	706	454	460	488	547
80	43	627	776	864	898	907	919	51	467	615	768	69	373	701	779	673	863	223	703	566	115	470	733	142	145	180	693	324	351	518
6	730	757	784	822	890	892	916	40	645	738	839	52	401	544	739	853	107	766	431	269	622	313	407	578	320	534	535	658	337	580	466	487
9	338	629	837	878	899	912	127	21	517	727	782	28	420	670	38	570	755	326	61	659	98	119	369	131	174	197	500	301	676	501
33	874	875	880	882	887	893	865	55	846	63	838	89	292	238	248	741	449	796	429	762	773	794	747	734	675	696
19	650	690	710	735	841	869	27	562	609	873	50	433	442	718	110	459	572	328	356	236	354	352	469	591	574	583	504
189	22	604	707	752	808	827	851	859	34	557	834	62	277	612	678	90	410	761	346	231	227	219	643	226	268	400	316	258	263	297
48	109	136	598	799	835	860	545	85	298	445	680	513	624	123	273	141	164	362	416	152	153	163	272
812	86	75	588	775	785	816	867	474	714	130	394	457	540	669	140	275	498	510	717	531	432	546	484
59	4	790	798	818	840	842	852	515	361	772	100	684	143	589	170	539	188	672	237	233	293	358
26	78	483	579	689	760	856	857	365	560	649	663	810	193	172	303	492	802	235	516	607	335	597	349
831	848	543	132	468	687	724	737	134	441	596	700	758	149	592	635	686	213	245	554	243	278	288	305	412
14	108	321	411	440	453	648	830	24	156	419	456	506	47	577	668	711	836	76	556	499	112	537	458	168	603	190	325
5	259	503	644	651	774	788	825	36	122	496	756	88	652	240	391	448	191	195	244	330	399
7	563	565	575	744	815	821	826	46	364	791	87	443	520	128	674	200	424	477	202	323	261	375	403
3	451	632	660	781	797	803	118	519	541	716	725	184	600	260	340	387	485	428	377	437
1	160	162	490	552	688	787	37	471	590	599	617	187	104	618	631	671	548	495	310
10	295	336	558	637	783	789	81	464	602	102	478	113	215	307	339	125	205	413	221
13	267	380	421	732	746	771	32	386	465	702	65	613	630	685	96	101	196	348	249	512
16	372	508	611	708	767	792	67	220	439	585	726	70	527	677	186	368	425	280	357	296
42	491	694	715	720	750	764	71	169	210	409	619	636	74	317	723	502	124	126	255	664	208	388
11	95	167	171	204	271	382	511	39	91	564	606	44	206	283	290	489	64	314	360	521	158	203
